30637 19850
9459 3383
14152 25750
11307 19694
24099 6045
4795 4600
27784 20698
27551 22943
6851 21545
21870 18903
14411 19754
11949 18906
16207 5714
12398 8209
21273 3064
13992 29527
25859 28572
31243 7387
16143 8790
23666 11318
22886 9433
31506 210
55 11128
8573 29689
10380 686
23057 3665
3545 30769
30648 9175
7470 25250
24366 28994
24852 31601
29161 21391
5640 20614
13397 23186
10661 12875
21085 26458
16165 18792
2725 16826
12859 19860
13218 15637
30960 13908
7159 28890
10268 31368
5798 6401
11139 25140
6571 5288
23733 5289
12608 19314
23917 7479
18638 18780
15822 27789
4758 24103
3281 21106
25250 30949
15921 15324
11174 2087
157 8901
16453 31928
3039 22886
19448 7734
7729 13147
29462 3716
13060 2604
18925 21260
13978 25366
21945 23350
16589 16510
6945 5390
5088 5512
25684 1157
8053 25503
7246 8132
8947 25497
29719 23862
27789 17305
8676 19618
11643 21242
24375 16800
31146 3451
20644 17197
17750 27131
8399 28877
28811 8042
29864 4077
29155 30529
30179 31291
17191 2516
23634 5066
25815 4032
1510 3930
14873 18500
2446 17475
31454 12092
1245 24597
166 25957
6566 8621
29255 8847
8343 4901
27700 21278
16658 6998
23287 6197
22014 9802
16111 3407
30405 20094
28212 13463
1536 11033
28663 14821
8725 25762
10413 31366
2871 4929
17210 26321
18625 25960
8584 726
29517 8574
27687 29266
28614 15014
24243 21335
22735 27192
22452 8431
3225 10045
25670 12882
28179 4558
9833 31454
23762 27514
3895 1856
29312 23037
7483 5183
17881 25373
6932 8664
12223 23048
23399 29761
8056 23846
28308 220
1467 6915
1708 10426
3989 25134
24268 26088
20247 27303
3666 1858
28324 25412
15916 21766
21036 28809
1958 24059
15216 31611
6841 17169
29847 17661
23991 4534
19964 17181
10032 13712
11168 19278
23679 13629
16078 8488
26369 15479
2466 618
9963 15398
179 9497
22341 22975
1699 18073
23666 28046
17320 11157
7906 139
20518 1428
13709 6733
16301 20340
18068 203
4693 31402
2949 23833
30920 4363
7351 27169
8856 3947
4424 842
21087 4807
20404 24914
21847 1569
4331 17480
3013 16958
123 1773
7703 1859
4249 27514
19979 13451
17897 27352
18945 12345
19683 14935
14634 6344
28442 22449
17650 21050
12636 291
28685 21812
30669 15073
10606 3811
10171 1913
13294 1662
2877 1663
3466 15932
27536 12777
19073 25786
15700 13066
18182 11091
14916 1453
19935 26029
12862 1817
9493 18811
11322 23974
28626 29135
4108 14789
8522 323
27503 8651
7297 27634
26757 18237
27043 6489
25411 16038
7201 17799
28696 22441
18044 3948
30616 11793
26464 23826
26394 19188
27796 27261
3167 10780
7094 24866
18272 14108
6609 2118
16496 10314
249 15770
26181 24097
16880 2754
9650 27144
2346 9773
18671 14822
21141 23063
7827 12466
25299 9779
25424 71
15589 936
18110 22988
13256 11038
27311 20023
5090 17724
11104 24334
21003 12393
23355 4243
26174 25933
29298 11087
10810 26232
13302 21873
17779 4065
27072 20934
7444 16783
25327 2678
14283 9580
27008 59
29063 263
10826 26483
25724 13745
26776 10705
30163 7726
2348 8292
30453 14724
343 12721
28046 21610
4019 7230
9017 23935
14064 28411
9142 684
3022 12898
31126 15686
9117 24160
13595 24903
571 29660
27084 3058
14199 6191
27764 1645
2477 9645
825 20752
26341 12707
16298 8249
25332 10433
5957 9511
16061 4644
29126 17836
24642 12742
12517 29275
2170 8668
28766 31709
19534 31166
20419 15960
28500 8110
16336 12137
4345 4164
613 31359
14023 5701
29878 2818
26834 18082
13796 3925
25524 22021
1930 18620
27228 30610
13205 10208
22675 12422
3013 22371
21412 23301
31079 789
25832 5288
22347 21344
21168 3486
26448 23611
14111 31240
2324 6506
29708 29094
24158 26202
9915 10359
18133 12224
2324 28006
25237 10725
7680 18640
4466 2007
2741 28533
21917 24955
6721 699
7585 31900
6410 6877
7237 7975
17508 14993
31493 18293
3711 1225
25064 5484
10143 29259
18801 25516
30439 23947
1348 15027
2776 9034
9120 30986
27177 14141
18035 1257
31146 15264
15613 11724
27263 4945
30678 27448
28599 414
19463 8664
23489 10704
30583 30559
7528 4315
12875 5689
471 17967
7942 4324
21817 6557
23426 30038
25473 27999
12737 11168
9307 17424
29221 14202
7032 14688
27141 2487
3543 6807
286 13949
22836 23027
31133 16322
14762 1723
9775 28241
14249 29651
1245 14403
9481 22395
27185 17111
22110 20486
15049 26313
24434 16640
2686 747
9497 18597
15591 4772
20614 18920
17366 18680
14135 10369
12199 18255
24448 28039
18483 15608
748 9221
25585 8609
20225 22610
4708 4988
29295 31309
31497 8695
22968 5040
5621 24927
28329 21303
7521 27171
22952 8083
31520 20051
13828 30382
7315 22469
22696 12163
13278 1508
13630 31391
10553 12274
27779 10865
5541 7349
29679 24165
14037 3797
7307 5459
14474 27125
9603 10477
7542 30497
8843 5780
19599 8581
10974 11298
31265 3508
28160 29217
30777 2878
17902 27983
15946 24825
30628 17249
3146 9269
3529 2897
8436 2039
19237 25400
23479 18215
20381 9684
2922 9054
21538 4158
798 30729
8962 13088
1489 26619
27960 3672
14316 5317
16763 9930
1937 9218
26470 14122
1148 22638
29702 28138
21428 20849
20202 20730
21771 20606
20936 18735
29954 17834
17480 9424
13254 3919
4105 3325
24276 27393
212 14132
11347 1799
18508 6556
30705 29584
23139 8220
30587 13113
29513 23794
188 11524
30052 25831
5271 2557
19787 25950
25834 13705
7539 21570
14673 15662
19682 140
1936 27765
17153 16707
11190 31129
26878 13702
2816 8668
21214 16098
13084 2600
26070 26397
29374 9837
27052 7706
3638 9497
20364 9819
30791 20615
11191 18792
28985 27716
23682 30577
18101 26621
3115 3229
4012 15891
11100 23797
21779 30744
24380 27295
16821 1301
10433 7217
23405 27667
29840 17805
29715 4314
1093 27688
4908 30448
5850 16357
15305 5152
21640 5533
27534 15542
31378 16669
20967 421
21161 21874
10537 6810
28131 5148
29486 15440
29196 31325
1515 27334
19586 27438
25491 25782
5490 25931
7282 19290
18160 8251
17942 27000
14529 17757
6485 9787
2741 22217
177 20319
28634 18861
9358 14698
16431 18522
8854 27757
19506 15965
234 1217
20664 26496
11223 13587
2123 10023
2381 12058
985 11462
3325 18537
16197 17987
22678 7312
24986 28318
26658 4646
1550 16735
23150 29534
2585 13986
12430 637
2449 31693
22793 2834
4665 28383
10487 11106
1255 11909
293 8487
25677 17908
29062 14051
21296 12042
4093 4925
31475 3914
4277 3872
30415 26315
14502 16560
18647 27682
22799 11096
13479 28601
10334 18883
4317 26450
4883 18741
766 5968
27671 12130
28017 1451
17260 27745
5487 30344
25923 17236
17375 9386
26918 24293
3190 1460
29433 7826
14396 21626
11614 3531
10898 17974
8645 31726
1357 28193
12954 30442
26737 30555
26866 23753
19911 5467
28221 5969
23920 13627
28469 10148
25631 21385
2844 10949
17771 26339
376 21166
16674 28896
3065 14462
14168 17844
17844 16973
14063 29376
11577 27901
22925 30782
11021 363
16301 17947
13414 8466
9714 23330
12969 16300
170 2586
20422 26646
7810 9701
22493 2664
16965 11556
9994 20671
26147 1999
17865 26171
31145 5247
11290 14324
4722 3810
27420 25180
15703 22547
11562 11843
2064 27599
23913 24420
18471 7439
2353 9185
22287 15010
20401 8483
31583 21496
17122 4989
24631 18977
21042 29251
19924 3475
12897 12802
18444 31822
26245 9221
11855 9183
14143 7017
17179 9766
4338 18568
17254 25361
694 8580
26228 559
30352 10424
3655 4987
1125 28049
6135 24191
16766 3831
9310 9158
8739 13642
30475 19490
23488 23769
10819 29334
9138 23388
27219 10235
5394 28260
4686 15288
7270 20194
3538 28563
9349 23057
15800 15102
5761 15645
8557 227
5722 27607
23322 31977
10037 9909
23951 15338
28805 12160
19328 14883
16171 29124
31470 26983
7347 7542
1358 2114
25678 16550
13795 26121
19852 24549
6997 28560
21670 30735
8490 11755
26736 26018
4737 27639
19364 10079
11028 8868
13220 6054
21388 28775
9538 23827
1146 31563
21553 8495
26113 1298
25586 21552
24890 5150
3752 18176
15901 27890
21645 31413
17297 8019
17063 2106
18223 27753
11442 7442
484 26362
16592 2843
8798 11194
29766 23006
23676 24781
31611 21042
8469 15628
18283 686
29648 28839
24335 16461
762 8082
4824 30804
8589 23145
23209 4928
17581 29207
27483 11827
30997 15599
5085 31486
5329 6483
1254 11123
1112 20362
28258 23657
20717 7996
30398 22870
23962 3074
22624 10750
16855 25189
13208 2035
12971 8086
16763 26627
16913 17835
19944 12615
21139 26414
7047 7421
11752 27722
31460 4766
6370 12877
5659 17924
2415 14274
24550 19421
21240 22833
10816 2449
14900 11472
11387 15205
7884 20011
30331 31452
1165 16307
3628 14986
21372 22360
18891 22925
6602 9729
9858 7595
23618 3231
26658 11464
12241 31746
18786 3868
14443 19004
3547 14192
13950 31742
20171 7362
703 7685
20996 4832
17847 8618
2071 10047
22336 17416
22918 28287
27027 15241
29754 19155
6650 17456
19471 2147
4925 8471
13844 29764
14139 26942
1371 19204
30996 6082
5578 21322
12669 21322
10028 23436
14765 6586
4751 28811
24172 26227
11388 4643
27212 3706
6906 4587
22448 25001
12899 15849
5406 1952
1417 8617
24675 15296
8493 15667
13008 11778
23697 27286
10137 5476
26348 3010
3396 6117
14493 11961
13594 20620
11907 20569
10977 7451
27711 26640
7734 864
26650 8055
12085 24427
29594 26652
1783 23007
22311 26967
12242 28105
22536 10442
18583 28241
278 14382
18936 31958
22127 10451
2666 24373
20527 23345
16083 27834
17561 6510
3489 3918
12406 24372
4109 9780
23395 17642
23509 10728
30851 30922
27381 25948
16990 18992
28793 12766
29378 24877
31147 13050
1007 16305
15636 18004
22011 18405
8798 9486
12441 25340
21942 17658
8538 26981
31581 18083
7128 17577
22519 23162
9946 18823
24778 4383
13488 869
10354 7125
10728 5763
15255 11658
16913 1775
28976 974
13614 14481
7619 17470
6633 17319
2766 25231
23793 3546
11142 13711
8340 17800
19928 22825
22536 21921
26784 21908
27237 27034
19189 15703
23583 6895
10679 25603
15400 7471
25168 29447
19065 12780
495 381
27631 24588
30046 1172
14555 29575
28288 24391
11023 28118
6514 17433
11284 27003
30119 13982
23991 22427
25821 23982
11718 26658
19830 20431
13381 27480
9858 6229
1887 3954
27978 30336
21367 9637
14156 2470
11422 11260
30286 18720
13141 866
21759 10951
18836 30066
22851 2036
6321 2014
17216 15493
17270 7435
12093 24287
20126 12751
19770 17055
30233 12220
6146 3192
5238 12573
4853 22637
27706 1165
29935 29889
23085 7204
21624 27732
15073 13680
31937 7200
9792 10148
4179 6060
16701 24730
4837 21878
31421 24514
25193 28030
11495 4027
29716 2531
20166 4537
10540 28446
29130 11351
22170 19436
1628 9435
10694 27045
5543 22245
7397 25564
9952 20340
10368 12986
4762 8902
27484 21377
29658 29837
1802 17685
28928 9795
23144 8780
31433 6442
4738 31159
2938 9602
22144 5755
29047 28309
15058 20764
27747 30635
20338 27622
15528 31902
14133 10849
24145 20317
9177 6020
234 6085
15520 3955
1511 16582
27456 10909
23006 18044
9731 22292
20713 5185
17725 20956
10886 10622
30846 15469
25868 20275
15668 22562
9986 21440
15030 27025
7301 17230
16204 12262
2046 14702
8874 14212
18508 26116
29832 21474
27583 25180
30321 4737
23237 14024
26289 2587
9441 22149
30015 8931
2318 25941
6228 21275
2124 17470
5674 21924
19920 12476
3220 26079
7614 3354
20015 15177
16096 16630
23354 22615
9073 21633
10440 15645
26778 10760
4069 18961
634 27205
17773 11616
15234 22581
15555 23125
6960 1418
2593 12396
7064 30338
22036 25095
8192 15144
27171 15624
15226 26637
15657 4178
17808 29105
27513 7038
14073 24663
14735 12339
29162 1376
1916 15813
1785 1210
26532 19313
30242 7665
24123 22540
3875 4784
18114 2839
15202 12077
31690 10254
5146 3493
30537 11353
6711 2412
5565 27198
2452 16905
31476 22271
8693 15060
26077 5075
26026 15287
23573 4749
23520 27210
1514 23278
31420 2005
4302 24696
5016 19198
139 22259
193 15998
13162 15263
10378 30062
912 14554
7365 19034
22109 31857
24833 16583
24608 10198
27143 25783
20615 28146
31557 26956
6286 12289
6849 12364
795 14409
6280 24368
12595 21071
26003 8542
212 5789
2250 16736
16145 4531
1659 1684
9223 12980
11572 2280
2387 11294
21266 2114
3827 30960
4556 8074
20867 4096
13092 25347
18671 2696
16977 5232
29591 229
27007 23093
22074 6821
31323 28819
7430 23740
28700 13262
2165 15309
5689 16545
29566 27282
16819 19856
17302 11852
15296 8339
5245 21409
6931 13038
3087 27846
31200 14243
12228 6820
17326 10878
27274 24747
14276 13022
12056 6149
8017 12841
26926 1531
14491 21667
28704 31934
3471 2384
27034 5195
17234 20833
4758 4743
15003 21711
31320 21140
12128 19864
3749 20298
9689 26537
5568 1549
19283 781
7445 6525
8185 4764
12325 3488
2492 111
6756 25097
9661 11825
1301 31984
23090 2336
8981 14821
29586 21731
14515 19309
16375 24521
25919 13099
6953 7948
3555 2874
5414 13845
7073 5491
21837 28497
3621 27158
24223 7032
10914 1546
7470 15623
26972 18973
30645 13925
24533 28705
16330 13754
6466 12544
29816 18189
22112 2122
11440 23320
24293 18017
4063 11972
30810 13117
29699 8728
5321 16018
9581 3104
15309 966
1636 17483
23942 22851
13171 2898
13161 31351
24493 1184
12058 12281
8925 16562
17061 21638
31295 25813
7144 20502
16219 15025
17388 5528
12447 13909
12411 3686
26048 2266
12857 17269
18220 5378
25402 10320
3719 1286
16203 8071
7631 9016
14864 29566
15899 17776
6441 15019
15765 11486
19299 15247
6473 3795
20451 19557
7690 11715
15823 19273
3425 31177
804 2586
16583 25458
21549 1377
26594 1247
31588 16273
30881 689
1027 31974
26669 12659
7155 27031
29078 1181
67 16146
14575 22825
19767 8640
14293 12045
430 27680
3934 21052
15640 13441
24280 31129
26081 15162
1371 4413
16465 17909
30870 22903
3848 16653
20 25370
9129 28533
27993 23031
20989 5636
16224 2985
17289 26651
9279 15750
23008 25089
4860 28284
19446 16027
28780 30217
20300 29272
16285 30518
3182 21661
7961 18083
14456 11611
6589 29774
21572 11245
5011 3306
20355 27886
7465 15764
2984 22254
27683 4392
29651 15950
16299 29362
26959 22834
8780 1200
10322 2197
28048 25846
7744 28901
30048 25622
20685 31507
27628 21286
11334 25561
27230 31155
9723 8547
28226 6760
2638 18274
16214 27960
18297 13726
24828 8483
28498 11595
24111 16378
27594 11245
2249 6775
16995 11304
25646 8223
5740 9808
25368 14771
4483 25978
13696 7908
21174 12713
5521 18445
13716 1745
10817 24554
6097 4491
8205 26132
22210 343
29652 9211
25591 6447
19396 18973
23864 24075
31986 12672
7191 12563
10322 1138
16913 30396
22292 25056
23596 8163
19547 2889
12825 28787
4888 30186
12565 2529
321 12929
6783 10249
22962 1283
26221 6357
30776 11626
18523 4642
18364 29874
20280 25845
29117 7273
19213 16240
4310 5229
26110 9265
3650 27295
30108 2952
23425 22115
4832 27336
19515 11806
17967 25664
27538 1406
4489 7793
26582 20474
18045 16942
1230 22691
21867 31509
10536 24522
9784 29781
12434 19977
9038 31053
25436 26713
24457 6840
8660 24490
7379 449
25853 10505
31552 21332
23311 17333
2319 19296
19256 12124
2915 22393
4522 15596
7965 7944
10700 19138
26221 18
14753 6645
5932 30335
25322 29258
9784 5005
13324 20870
15690 12432
25419 11033
29493 23115
16029 31241
30559 19719
2250 4828
11411 4545
17765 18219
5806 10860
27659 17531
16768 10977
27062 12668
16468 19776
16426 26148
9186 27139
9735 7313
4029 4790
28336 10269
14591 11158
8725 12323
15059 31035
29338 25459
87 6225
31390 85
1796 28397
12215 4041
1946 6019
12426 12960
15756 9241
28151 6103
29922 4759
13858 24379
25042 14358
8373 9061
30594 18653
5200 1174
31893 9608
23194 25503
585 1582
21744 30873
27791 28649
30213 29192
23802 126
22662 13746
934 1294
22549 31151
6111 7632
16032 9612
22764 23509
14645 5307
14071 13876
18896 12659
23306 12579
25459 13829
20941 16397
23426 10385
22646 22273
15092 3076
21166 28279
4668 29889
2479 3666
7705 18073
6826 18337
27771 3627
18017 6205
14867 25829
26742 28825
29923 6738
9933 3189
5883 11104
8636 22518
18208 19909
30494 5216
11002 19247
12389 3655
13300 11476
15448 31220
4246 11002
8711 10060
24377 7866
2507 26156
16048 21122
28820 14149
26492 9118
13275 1638
22594 6051
30338 14597
28183 10433
2768 24016
17157 8618
31423 19469
609 9572
5403 27012
15878 4356
16900 26189
15269 15760
2709 8234
18735 11078
14746 22763
27246 20182
31832 25602
6279 10970
5348 7450
21039 12361
23956 19111
21283 12295
21063 27680
1082 15144
15172 24010
26158 2303
5895 1124
23831 20300
13967 14172
9399 7118
30268 24690
26092 31166
11347 4127
12551 25859
10966 30276
4532 18844
12774 23758
16353 2553
11291 1251
20554 11370
20133 18687
29238 17515
15264 21977
28424 8522
6761 3367
4877 23990
31658 30236
23015 17205
24374 27375
21789 19484
1426 23000
6259 24518
7316 11642
20454 14039
31913 25331
4604 26514
15863 29637
23754 3633
13538 27433
30938 22594
21167 25973
15635 25552
16345 11058
13774 5261
19279 20229
24984 22975
5395 1790
7575 22122
273 31942
25572 2024
15072 8955
20294 14582
4023 11557
23031 16047
1775 7706
16050 4025
4709 24495
22242 26571
785 12195
8252 18104
2778 11981
20343 10175
21671 4383
23207 22463
29660 16143
8002 13380
8772 16232
16861 27171
17325 9822
30956 31810
8737 20677
17318 19569
19303 2415
23564 27484
2880 30785
26142 5592
28167 23080
21187 29028
31967 28645
1434 16620
14531 13905
28767 19082
13229 31083
8622 31021
31540 11733
244 16708
15388 5672
11082 27713
25184 16196
16942 6198
29364 6046
17177 19975
14089 19567
7086 13125
12544 30162
12725 22072
4214 29499
30155 23015
27795 30595
30030 8993
16008 30345
6554 6703
18371 6144
28407 3037
4514 29567
11062 16122
12580 17127
409 21662
21845 20365
26450 11744
17373 11838
11491 19810
7483 23729
18292 2284
13817 20719
31657 14434
25931 5598
29398 5724
5618 5977
1704 29366
7834 29445
29540 16132
30446 30252
25088 6066
24082 1927
15922 28938
12108 31284
23654 17136
26199 1587
968 9229
15603 5426
21486 1638
31605 18022
27180 21057
31559 873
9938 29733
16237 4859
7352 22379
21043 10194
6860 6027
6293 13020
7255 9309
20343 28417
29900 18750
3676 30506
22432 15245
12695 17886
16827 29890
11715 26533
17192 29019
22991 13652
4848 21731
21461 18709
11496 27946
25165 22511
9631 4542
312 17032
21472 7097
8142 5182
25425 5317
26650 28364
11797 17204
4020 24280
26531 27068
18772 18811
6415 16355
13018 22555
27833 20837
5639 4376
1956 27903
8007 5826
27280 31378
6475 27505
18908 23364
22993 16721
24812 589
12435 2895
18677 16962
23395 760
25641 6968
10569 17603
14529 28161
3899 4554
16514 12460
3203 19118
21419 15611
855 11428
29953 2859
11502 12242
15403 26645
21908 4479
26503 29516
27909 15946
13341 6400
16632 25441
23076 24372
25000 5675
20712 21503
4462 6515
20932 5912
6328 26574
9864 14966
23453 4142
28447 12182
13189 14942
7019 24896
24787 5381
19361 3902
17586 11204
15319 17648
18304 15894
8045 18639
2993 15182
21813 28379
30997 10549
5706 29473
9273 20179
11193 5688
15429 12724
3680 1294
7705 2052
15140 27949
7448 10986
8947 8547
30845 2635
5701 5305
18675 9343
9636 13190
20801 14086
17357 6912
27001 1286
28099 24658
19372 12227
31643 20870
23006 11408
18374 10994
18890 25137
12172 14090
10409 14850
3367 20740
25518 20522
28668 30613
1967 9491
12491 26525
1047 9220
25180 13542
20764 28050
9452 9173
4402 30128
4706 11259
11447 14469
7186 18249
17581 20496
3368 7020
11822 25308
22701 30487
26155 8030
12896 13947
10477 28173
30774 1137
10460 1846
17770 4360
15860 4526
8103 21142
28215 31946
6359 27230
1053 15259
3936 3560
16120 28792
9954 27317
28635 31655
20142 25723
5948 6932
20531 29718
4485 4630
9218 28570
8634 30490
12024 13360
23295 17882
20292 22104
23927 31357
10226 26748
721 19907
4802 29613
22393 31896
20477 11830
26842 909
11078 19322
7647 29035
24667 13967
27127 13569
20087 30345
15270 21497
7007 15342
11402 25800
21510 31495
10639 29687
19925 19224
6839 10916
15816 23557
18933 26287
218 3647
17643 31500
21305 3309
19490 13700
7700 12449
29008 11783
30905 6831
2940 16822
1444 79
6023 18069
17068 13858
8420 30894
14560 25006
7516 28239
28204 13763
2275 22045
808 45
7999 3780
11965 27110
9404 11801
25129 23832
16202 7166
15443 26475
9930 11605
7660 7426
7824 3290
24368 21638
250 13178
26808 23543
11284 15213
31990 22542
4006 26959
5312 24328
24690 21276
30943 22623
19806 17794
6308 28567
22525 1146
18038 30926
14738 8219
10517 965
8141 11658
25971 14571
20947 24823
31049 30628
21597 5940
30877 31683
29942 25897
30657 4807
14719 22819
30447 4829
22934 19107
29147 29243
31972 22471
3229 16134
27335 2773
28898 15578
27338 17927
12587 2034
12600 4345
18212 13407
3438 29424
14488 18587
19150 9633
2296 18611
8119 31066
9962 974
3355 28515
31234 28469
12483 16847
5065 13158
17447 13793
23689 24659
3278 5726
28947 19852
8793 30969
26475 22328
31619 29044
28546 30297
26912 22797
27862 13254
30081 18171
15857 11403
12997 22470
31016 23340
14468 31069
30389 2564
10473 18788
16549 542
17441 29624
25187 10264
4292 10641
21697 17120
27318 12470
19232 27663
1283 7406
28581 23010
25663 2033
30610 11443
6913 23908
27507 16603
3710 25993
8849 8714
23575 16557
29363 16840
30245 19921
5298 31529
14162 10170
8585 10621
23605 29737
19436 28247
18830 632
7584 17965
22844 31991
2631 16061
29579 17453
25165 19771
26650 26436
14193 21555
9598 9841
2910 6876
23399 17683
11430 29555
18202 13321
10386 25885
7537 11476
13335 9004
18004 30180
15024 22167
20850 18796
6113 23971
9988 26654
8020 19928
1675 11453
22565 11411
28126 8207
18219 16419
994 17843
9206 7412
18890 4940
25931 24581
22700 14977
23874 22357
3867 17168
8467 31088
26006 16051
15169 4752
10946 3319
24403 14831
10756 2790
12153 7447
23158 16079
19304 16005
1821 23640
1131 3639
2693 24766
26225 20401
18229 28801
31042 29794
3580 2498
27070 698
30596 29587
18897 20561
28300 31191
14568 1379
24466 132
12301 27997
16871 22288
14605 13435
22011 16908
6720 15315
8472 17440
4380 18437
21036 23194
7505 8280
19984 23187
19945 26544
2237 9149
10304 26593
743 14033
19195 17981
13697 25750
28887 6416
12662 11821
7341 9386
848 17960
249 19657
12558 12832
9643 31859
2028 21517
4285 29489
13376 23110
29175 29406
15118 29065
12782 8454
26119 30480
31330 1646
20373 16307
21952 24490
3884 3983
31983 15271
23398 12250
13403 6677
30686 29986
13380 5059
1374 14327
9626 8192
26914 14443
24643 18272
5971 29794
31425 3557
7740 3531
2278 912
22219 16155
29950 31759
5782 10951
12311 19383
26438 29832
25965 24512
23538 4100
20382 21885
13323 4731
20971 6103
31693 31792
4903 10877
7781 3390
9312 22568
5582 18325
24195 6013
14318 18515
22278 12064
11233 27645
12969 16480
6841 5562
1220 11015
18397 19886
16725 22786
9303 27320
17137 11578
29076 12124
22967 6562
15802 21965
29223 10174
30924 27868
6283 1532
964 24910
23844 14149
3373 19727
17546 2889
29008 8038
5309 25878
9428 27613
27879 12959
15244 4972
12165 1234
21259 8662
29597 21155
19714 16533
26470 8961
778 9237
309 27275
22246 22379
20940 1499
11714 3518
22585 2751
28937 26707
11879 19564
13987 10798
27110 10455
23440 14301
19851 25949
420 23875
2101 27205
23235 11274
30298 31636
14107 18369
10527 25647
15011 11456
17850 15545
13149 25764
20895 8786
30470 17141
6978 8755
14790 29384
24942 28130
21135 11676
4785 13139
18630 482
25783 28366
18146 8618
5973 17847
29213 7936
22690 21972
21834 19357
13925 16013
19444 2755
27535 24329
11319 29447
11841 5042
30387 9254
29896 2073
9038 28943
18830 28522
6851 20195
85 23647
8828 18445
10410 22455
14712 14651
17257 21161
28063 23371
27165 29499
24909 25642
13355 8652
1557 1407
15948 13369
16312 14045
23370 3319
28346 10093
10594 5998
30839 13039
11138 19441
4480 7249
24284 903
30119 7956
20444 16475
1932 8611
622 1519
15177 28215
10697 11464
402 18128
1769 31059
24482 31060
25930 3733
7553 30778
18739 27153
28903 28431
29602 27183
30024 24790
6824 31679
18122 5602
9821 17788
18780 31817
3119 8216
14389 17240
22709 27185
17782 6641
23713 18178
3204 6109
28560 15144
4104 16656
16400 29527
14143 12079
18961 2472
347 28414
15583 3210
21132 8940
19646 2153
13487 31944
7965 23811
24868 15453
9900 30555
23768 27310
3319 31102
27314 30623
28527 2154
26738 3821
4498 11424
1200 10275
9745 30466
29140 16066
25784 10983
7737 9546
19065 8158
1332 9647
10596 2275
24207 8971
26973 4085
18554 17172
29852 9508
2379 26707
22506 9024
24495 28734
1355 31608
31423 11896
16396 20650
24684 838
518 1788
13697 11243
29852 28066
1702 3722
6583 15535
15034 9149
29398 13579
2312 27478
29283 19448
25680 4975
680 21080
28844 28361
9773 9405
26311 15097
7211 28178
2577 8621
28815 28227
26480 28211
10042 6603
11982 13639
17054 28408
19480 24562
23017 9854
14669 7971
24254 21779
24860 7898
19582 1884
1988 12870
31181 17651
30289 22364
14097 13869
18029 11544
12127 3421
17524 1376
31666 11609
12477 17702
8342 20421
4585 1042
31972 2516
18461 16004
668 5627
29467 30950
30899 28286
13809 24984
30863 4003
3550 20834
19305 1256
4476 927
26611 11504
23043 27729
3463 20245
6534 27646
11285 9617
26178 9844
15083 27556
10769 3332
20771 19435
1807 16377
4714 3182
16485 24721
12561 366
28476 13412
11985 22990
25720 8029
17724 11515
21585 30500
12349 215
29628 2958
16455 29641
6947 15812
15265 28279
30822 2306
5701 27007
24697 24457
11434 20856
24429 5458
16682 2745
11457 28110
9277 18288
18337 16823
29450 16769
25559 11682
8255 25525
22046 31397
14270 31966
14219 5261
28845 28529
8787 16879
30649 24724
9337 25421
22300 543
12755 27561
19832 22900
15636 22713
25029 29085
11660 407
407 4778
9109 9838
25662 20877
17883 12353
26467 24012
31343 20473
2001 19485
12689 25554
26680 6394
10033 10360
9462 14042
3240 754
5764 23416
31065 24885
5843 19901
21561 17276
22360 11282
3281 16950
7543 5216
7931 24543
10714 5238
7230 7602
16924 20115
16525 12748
8521 26787
30780 28117
28349 21878
10628 21195
14012 8106
2542 10975
5500 19055
17811 1879
27917 9773
19808 13690
23306 5859
5512 9363
14549 21969
839 20054
7357 13208
29793 5075
20034 29805
17504 20935
23841 2211
22823 20840
5446 15027
18505 13267
4619 23426
8755 5368
10306 11703
12500 5382
13450 18418
13243 11027
4478 3216
29211 11763
8295 10363
2076 7487
11276 6614
17867 27669
11238 13732
25201 22632
28181 8901
1522 27114
6415 30534
21698 5511
31029 9355
16295 4285
12671 25671
10596 31273
194 21702
25872 26295
7619 17203
20127 13786
6587 17465
22281 7335
15842 18984
24748 26351
6044 29294
11798 27208
26247 10538
13805 12637
27641 26313
10093 26697
23067 17395
19541 29677
9304 10360
1526 21639
1602 19713
17431 23006
2144 13265
20998 5103
25537 25783
15286 25278
24356 15589
29672 5467
12623 17451
28038 2011
10131 1372
19040 8399
5586 29511
19572 13940
137 16440
16793 5855
31916 25185
30643 247
8251 15508
1144 26367
9897 4387
24028 9949
2213 4460
13562 4561
25803 871
12959 19130
4747 15340
5273 8833
13559 25831
23438 28910
27985 257
30301 31376
1851 27131
20823 11530
28073 227
23211 3607
17381 4076
5896 19439
29287 26025
7438 1030
19475 24164
22737 14958
15119 31997
19992 19915
12686 20643
19755 6913
13641 16389
7270 18246
18892 31565
30354 27841
9314 13239
8200 3611
15908 2566
7062 24745
11749 11071
3125 11205
26253 17424
11935 14691
90 6253
14010 28685
5011 23517
5250 15010
16374 8528
29876 19945
28886 28157
7977 7146
18719 22402
15602 31701
3076 26709
30572 4916
5040 28579
31422 29497
24257 9455
20460 12269
30410 10472
3525 19866
27163 26120
8608 25665
22832 4901
24717 4494
4583 25265
12277 27880
25733 18826
11895 6212
30839 30148
6939 8565
10168 27460
18550 31433
522 6974
11299 15850
4761 6798
22212 7352
7150 20362
29808 24892
5037 22375
23043 26419
2911 18790
18511 18874
28170 30540
28721 21938
21766 14267
20138 12107
13505 12172
8817 15381
17721 3362
14225 25236
19692 12229
21404 30352
9821 26613
11191 19607
9644 27609
18494 5296
7003 7076
11471 23911
24459 15066
20200 23962
3503 21745
2090 12816
22529 28803
29417 23844
23696 16287
2463 15976
384 22920
25379 5299
29765 26262
10483 17412
14534 1177
20293 25701
24468 29338
19719 26444
15089 19460
28692 2609
7786 30484
22661 26821
7530 15822
14363 8738
16526 22066
203 9160
25453 25431
21971 4707
13077 15017
9315 1833
28976 21196
11878 25152
20829 13701
13675 13908
30936 16034
21475 17752
8252 29515
7596 3229
13544 14450
30492 12328
248 30913
4556 4782
3087 25138
15168 25744
27182 4172
20880 3740
10838 1565
14371 11479
13516 30420
25213 175
7379 6612
3312 13700
10567 11138
9935 295
28217 137
23627 13242
23159 7130
22056 2309
16990 12318
9688 31233
9727 19926
16854 14825
9624 3820
29170 24551
28765 29272
21326 2314
26493 17142
7653 6436
8840 12738
28368 65
23612 23106
11334 7368
15184 5207
12434 18559
21509 18058
30463 3844
4626 6158
24500 2321
10356 13131
3122 528
1744 8366
19532 13126
1027 18105
6326 25670
13281 27167
19505 14133
24656 30875
21440 1553
6705 7684
14098 27076
16462 16824
3656 27052
6397 9635
274 24151
19872 20255
25909 5936
9717 14415
157 18471
18312 11969
553 26682
15836 24554
27809 4994
20784 11798
29492 8130
5761 29986
13172 6108
25745 9981
26500 28343
18881 19547
19195 7905
20648 1998
27358 4519
3968 14745
30578 2171
23539 9249
12461 21481
21547 6066
31444 10098
19099 19193
11533 30701
20327 12770
9066 15170
2716 22780
4825 21603
3035 2308
28093 5441
7271 29991
6039 3792
11743 10747
10245 11652
30925 24307
5132 3159
9278 1388
20263 27972
23857 10757
7107 1965
13633 1115
31055 25446
21157 19196
1976 8137
28247 7173
12908 8344
31738 20458
14838 26594
23261 28666
25508 17075
15190 25214
11132 2830
8228 25140
19672 6277
24974 24915
13454 20763
4113 13670
16786 11439
20738 14050
18090 78
8728 6617
29598 28513
4554 10533
22394 25307
24890 4182
14023 6076
14241 9029
30905 3108
18033 29079
23140 30937
5149 12052
27556 8022
27516 2321
24365 28404
21449 16871
25773 23590
24982 17776
2365 9334
27004 14999
8652 22649
12551 6468
30746 14981
12539 30608
1656 509
29919 16044
6675 28510
5204 3615
14948 31020
1539 17606
31297 30771
22191 3322
28230 27223
24143 5358
5567 5771
7445 11047
6027 31157
26363 18223
10730 15163
21082 9532
9386 3490
1446 2894
8045 28465
6851 18558
17745 9605
12565 2813
6342 5487
30019 19747
13648 20538
16706 7999
18939 14734
23832 1494
10195 8440
6119 23510
13067 3343
6242 26746
6659 14961
13666 27462
29563 19505
29576 9633
26340 19419
6255 23054
9778 23302
28664 22983
11517 15443
14008 24650
16843 13015
12200 31224
8742 25416
20272 23041
7399 22630
31825 389
275 30918
16578 13082
27846 6019
3960 29930
1350 9251
18727 15024
10922 18391
13833 910
24806 26009
25510 22133
31384 20779
2258 1319
30033 14257
294 14894
18913 1572
24272 3243
4880 20412
31047 21423
18755 5383
577 11016
13239 16174
20351 11845
5966 27046
6775 2248
3331 6202
24040 16407
13257 20311
13223 16500
20867 17016
3439 13475
12303 8669
10482 1989
13147 2313
11197 18602
4214 16398
4800 26941
28382 31372
12847 3693
13633 8982
8282 16637
15278 7436
10107 23590
20163 19212
14654 26291
21588 21620
17664 5851
5065 2413
12372 17819
19313 12025
21768 31142
1408 29480
27437 31176
29850 10210
3017 22402
29148 23340
4607 16735
8929 18263
7812 26707
1687 24148
19259 21778
23754 19304
19720 20047
18039 73
14095 6562
17901 8803
19802 25638
3969 17948
20758 190
25609 24145
31359 3062
11306 10881
21620 20765
7465 18606
12319 23477
26857 25557
29721 18927
25961 10634
8779 7299
7316 4833
28690 22956
21144 2192
6620 22776
30091 8186
5891 14318
6708 24714
2347 27845
26832 28376
31074 1471
1555 9951
19244 13806
14966 3679
30233 12275
9635 22903
24573 19676
2164 2552
4561 21311
16712 17755
29139 28421
10283 20147
10367 5312
9513 22747
14460 3187
28223 2342
1862 18941
14588 4631
2812 29659
4054 9036
28964 28614
11972 25949
6705 19796
19555 12208
12096 21426
25552 4799
30978 17618
13587 13214
20561 13505
2550 29627
20432 22752
21559 1983
8497 14469
21865 30514
9991 14592
24715 24800
29 7182
20908 654
8427 6145
88 28615
791 2309
23509 1676
5674 4795
13423 27176
16387 6459
2216 25205
17079 25865
15954 845
27732 11103
3038 26058
22124 10051
27863 3515
27860 7206
13062 13193
23887 11930
19094 18307
21248 12057
9350 16424
2232 14688
18471 25663
13173 22340
8046 6648
19040 30296
504 9220
10569 12086
1451 14260
26698 22823
4505 5139
1815 13917
254 30896
2699 979
30218 23355
17370 19280
16098 26526
25944 21360
26524 5593
25592 27737
13980 27388
6801 16772
15796 28206
4790 30514
1436 18478
8838 12493
26349 21717
10058 2510
11530 918
27594 10714
11291 13268
15429 18685
3244 28333
16481 4082
7956 29570
28373 4532
5418 23362
17712 28483
8676 27161
7504 22888
6194 23665
1477 3408
1469 30525
25139 2031
811 7412
4400 6885
28760 9782
714 17050
11068 29478
9507 977
2717 31633
29812 13617
31276 19487
16838 5565
12302 24240
30894 3992
17700 4953
12135 28615
16051 8319
26202 20039
18254 9383
29975 17789
11116 27521
29238 15085
14509 26980
11222 13555
17498 25447
29411 14947
17956 18924
8330 22805
7252 29934
16792 29059
25035 17777
14230 18264
5033 11090
9200 25187
11553 8648
1563 15517
1034 18419
26441 4681
25940 29190
959 23206
12374 4936
22325 24290
11241 18680
9787 1512
24354 22663
12261 7429
29640 25678
1085 96
4334 1517
23021 2100
16794 28502
21784 17977
16130 15264
22412 5574
9528 24970
9129 1626
15710 18324
23951 216
11999 24835
9998 13349
2962 27146
21529 8122
7554 31894
18009 3236
21056 24358
28100 22540
4935 23041
12296 8007
29988 7609
17194 26825
31349 19011
7528 26570
14062 9550
16449 21382
25035 3590
6828 23839
11595 5884
4100 20107
5507 15376
23058 22611
20066 6689
18225 29323
15336 25446
1267 19988
20941 16385
18452 9706
17239 30965
27000 11791
30565 19852
27394 28229
23407 24950
10833 16401
8714 5788
9425 15680
18520 5523
31914 10622
851 24474
24215 31994
10711 25385
28585 26108
16268 13084
6521 31978
2792 18253
15322 26450
28284 29789
685 3002
18191 6426
7805 362
5925 20329
20570 27649
11886 15274
31806 30415
17554 15336
9933 25029
29331 9042
9871 17681
23299 27880
4737 14233
6762 2444
24527 23730
21976 15845
7352 6119
21473 11832
20598 31897
10350 31288
4681 17817
9081 11566
24369 2808
19154 9270
23757 11283
24125 23309
15679 12546
9515 16071
4242 18853
19411 18753
8875 21341
9073 20096
6409 19521
27338 29203
17251 4700
21261 722
13529 9688
23643 25729
7212 20032
26880 27167
12425 15777
31239 5295
26490 24164
24402 28981
10451 2632
20477 11262
2698 31198
8692 22683
29114 23041
639 24413
31808 30820
28823 13437
24104 10829
7168 17005
25898 28134
12936 4488
31748 30386
23230 25450
2693 4086
28617 28617
22352 11885
3388 7935
6156 5367
17573 26691
24465 10235
29240 28337
25010 25202
27761 22533
30155 7850
20952 31364
28965 1656
28935 10152
26930 18892
31496 17076
3244 17409
4368 4039
28954 3513
6867 3615
16160 4589
19570 24826
15128 31067
29536 19098
27961 19967
22787 11683
9201 21343
8403 7218
25648 1052
15554 2332
13221 24511
21723 13582
27776 28443
14597 9207
2742 7719
10532 31390
12555 4759
18761 24873
29774 29525
31816 29033
23044 27982
16945 16834
5397 27751
9696 15950
6406 15807
28264 8322
5466 26095
12318 3012
7086 21159
31788 24703
3459 4939
638 22645
5638 14172
17670 29932
19127 6510
13556 5228
31910 7248
150 29754
4674 23278
388 5707
8281 3767
1998 11316
23580 8753
30422 26834
3553 21897
5313 20458
31275 23957
9356 19539
26616 16807
10472 29231
29765 18707
13686 29434
9565 8642
3938 4772
17662 18362
13124 12975
12846 20144
21130 1285
2378 16887
8768 11910
7769 8386
2350 16293
14401 30642
18588 22781
16097 13000
19243 25114
5494 28394
2977 16811
24122 11491
23550 2057
16472 25601
9434 17495
10236 19604
8962 11140
3467 8017
1337 15919
31817 23249
7562 21459
2930 12290
11365 26653
7912 26774
9538 5348
5008 25810
14074 11774
29823 11756
9365 3899
16604 16880
28510 13154
24529 15272
21393 21167
29896 19334
22770 29642
24716 18305
31489 25807
8019 18234
6390 5052
15362 221
7750 28341
12926 168
18397 9807
16313 31710
23458 1674
27958 28801
31143 5759
30262 28763
9920 19884
19956 5111
13034 28542
24146 6502
16422 18746
9935 24940
26772 28625
24671 10844
10656 20846
7762 4084
29125 11005
23095 9426
16058 8851
14230 19996
25578 4578
18249 21389
22926 9981
4997 29372
20719 2104
21448 21921
17196 21405
3092 5013
25603 28981
8909 25591
23306 11906
25276 5272
18735 24311
16149 6276
20102 21876
29567 7182
20944 25641
6406 25476
6455 38
16691 11183
31171 14659
14553 15139
19995 28879
8877 13756
9006 10896
15817 15034
25383 30705
14133 5488
27613 7824
12145 19535
29179 24751
29707 27598
10677 22284
15745 3735
19070 14077
21692 25155
15561 22008
27776 54
13986 31437
25339 5791
2523 27321
9650 23413
9052 23266
31293 15775
13655 30863
26622 19457
28654 12372
4326 4558
15988 30328
7612 15047
5009 22141
14161 229
30424 11588
22737 26730
24522 17548
11308 5932
13090 9660
4691 26658
29366 28336
19277 22168
4577 27536
8897 8423
23177 14631
30096 11864
1209 28472
1268 15068
10042 22699
25998 2768
31057 1281
27226 15987
9550 20892
28710 11952
3340 23414
30787 19462
22476 7396
4154 20907
214 5389
5294 4396
28656 3855
19081 25470
21936 13113
3476 17388
28686 11564
10516 5807
6896 24350
16953 11239
4122 14408
21623 27638
27286 23301
8506 23215
20815 11699
22231 30905
10726 25397
24276 28686
27103 31400
19481 29005
29186 25175
22479 30370
27024 28278
23451 140
1500 12439
21756 8346
7464 29244
7636 22816
15773 8857
10827 26737
467 27950
24056 11694
12076 15131
3205 28631
12548 29974
13046 12788
30454 6914
25320 29643
5472 18334
6484 3764
23025 21699
20614 15430
26038 7130
7105 4532
26668 23934
5099 10450
5230 12882
7805 29104
3404 4456
24436 14631
21100 19520
10150 2676
24853 29804
13513 31735
18580 10131
27293 19712
6590 11818
24861 21012
18930 21353
7 19910
3102 1462
9163 15035
10560 20293
31912 26082
13168 3878
26207 9308
28803 31382
30269 14848
12385 5396
21775 12318
284 11025
14285 1327
14238 10161
30312 7302
1390 5685
16807 25549
28802 5421
4717 25598
928 8401
13486 29086
11601 1549
18809 18083
5173 4125
9650 6368
26497 2300
21279 16124
7327 14611
21876 2894
20475 14732
17452 20664
11544 8290
3315 25069
12401 249
21907 20024
18094 29886
27403 14738
16670 30368
9364 30965
23586 25726
1718 30256
650 14908
18053 19034
25741 21261
24449 11740
9826 26480
25648 3918
24374 7978
24877 23015
26882 22961
27301 6877
4995 362
12346 11085
5235 522
14469 26800
1146 11323
26634 5445
15741 9298
28605 26614
7975 3955
18502 19978
2136 31601
29301 11295
10444 27812
15090 31455
23443 1145
26218 10330
17515 9688
8744 18326
24663 11728
19970 13550
14305 10536
4790 25155
13957 22848
19990 1144
28395 20445
4512 8625
4744 20490
12086 9301
23249 209
6347 17094
15507 21396
23459 25273
25723 6808
14869 12694
28186 7353
29284 7083
21600 30833
3563 10650
7067 303
8191 23665
7155 5830
9156 793
16030 14300
19322 10537
7202 2386
23748 25303
20071 13347
1009 22249
16595 2212
10490 29668
21751 25104
7129 11226
5950 8341
12431 18268
15083 28922
18645 23579
4582 28244
21763 1579
7589 11213
206 22904
4091 28024
15387 23032
1814 14739
18883 20555
20511 11139
29273 9907
2394 2379
18420 10301
28556 8704
23242 31442
8081 11528
3688 14578
14823 7874
11328 6193
21089 13791
22536 19244
8401 28376
27663 28247
27679 11661
10411 30725
1077 30312
13665 28676
7577 810
13056 31783
10127 12301
4288 16937
288 2774
14339 24058
25609 14658
27898 23298
8550 8152
12064 24928
5953 3057
1979 27106
11746 13654
3980 5219
22045 14355
31634 8256
24897 11422
3035 25364
30849 10520
11096 26892
29635 22826
30595 4216
5809 3015
16242 29849
1300 27736
19604 156
28226 13824
2663 5943
27784 8113
19047 16572
27977 21777
24622 9511
22436 28438
22982 12329
7417 11738
16888 24522
17883 4777
28049 7349
18387 26901
9295 31881
668 28360
3426 8897
17614 10958
16844 11923
30641 2345
20597 17861
13831 12274
13840 14296
2726 10494
26398 28331
6474 15403
9849 26303
1330 8560
5904 3205
3106 2170
6393 25947
12346 27765
22624 11831
18814 11356
7413 24980
8077 7336
19994 12466
10748 4760
23768 12780
8073 27726
13748 25929
12251 26058
2056 16819
21265 24352
9277 9007
9870 4809
28750 12827
3972 8695
25020 30911
9810 11225
23329 20000
14927 8167
29186 9195
10571 25445
25567 19154
28196 11765
17036 25497
27406 17812
23873 20257
11040 22848
28986 889
3486 1950
5990 5400
5399 20616
31390 18741
10724 7082
8868 1513
14706 27751
14709 12749
21617 28699
14250 25946
30702 10498
5909 1465
14346 20248
9875 9938
21545 7872
28261 20027
18906 20472
3659 20723
20023 14426
16411 27538
20577 17038
8271 3764
26831 56
24376 31509
7919 1707
11226 1965
12622 16959
4127 31817
21265 13467
14442 4486
30324 17698
21511 10739
5047 7077
2523 11437
25318 13830
25163 6405
22963 22913
13848 15959
14526 14561
10684 26621
27833 15965
8623 15486
8943 21118
6224 2244
10495 16698
1075 5183
4391 4320
6248 20822
5233 15126
22582 3433
10737 26900
30672 24835
19801 3896
23124 9404
16757 7244
14376 18053
24273 23389
25335 20902
3378 29822
17034 8324
2538 15244
28461 372
29159 9542
30104 22864
12920 998
7360 2572
18208 19523
8530 19294
14621 31162
27018 7843
17764 16238
6528 20123
3120 13972
8636 15668
10691 1527
12906 29228
29635 11693
4580 8806
23898 25775
18652 6977
22062 13493
21795 18250
21238 7282
24354 9245
16412 27000
3452 8160
1988 31905
7193 24666
8325 27289
13540 25331
6563 5325
2383 6584
863 16392
6822 7481
16702 18356
1643 25606
5760 29378
1036 22791
18387 13851
27587 29221
29843 31267
19767 14117
23747 20509
27636 6194
26196 10872
6436 17046
24755 24786
25100 11360
21765 12038
22381 2734
10319 10641
28797 3240
22612 2465
26705 27487
20145 20586
30585 8251
15935 27908
5663 22022
29603 23138
26058 7867
5156 23029
4775 21214
24251 7978
25306 10383
27720 26137
10369 18130
16890 10744
16350 11907
4527 28381
17063 27871
4482 28343
581 17658
928 21914
11792 18310
12290 19927
19299 31586
8856 22934
9590 11353
4282 26988
17885 318
18540 30199
6539 30204
23954 24213
5860 28738
27934 15388
3815 21596
4009 2343
21133 27578
23160 22968
26228 13801
16862 11813
23928 15496
1626 21538
27094 6175
21857 6591
282 15549
30975 20414
24144 22067
12748 20668
18636 5448
2970 31280
9578 8646
13931 15274
28543 26851
1906 21870
8132 12362
27704 17344
24068 1134
2837 20708
18035 31989
29468 371
15164 1385
27947 6771
19908 4665
31743 20603
8432 1395
21291 22345
23066 31754
30388 5823
24298 19016
31199 17710
9287 31598
6642 11518
31756 15205
22238 17248
6169 4042
12264 30476
24606 22567
2540 15269
23622 1402
29886 31436
3092 3825
26988 17826
24924 26541
30593 17514
15662 11981
561 5019
11390 28406
17708 8699
28722 30171
3259 8825
30455 30389
7464 21656
12650 11998
22420 19518
2924 16861
6885 18091
19881 16513
30873 30785
30298 1522
4093 28338
19385 23599
29270 30517
1985 10691
22841 30231
17995 27908
31623 10592
23403 11955
29902 20718
11914 19301
25099 21383
16512 16413
20478 20627
18270 9489
19984 12257
18894 5861
124 9529
23374 29818
17116 12859
25105 14460
16873 27480
17305 24286
12297 7995
30655 19266
5518 7460
2480 19835
23484 6288
1823 11874
3188 18732
26385 31388
5665 14555
31625 3923
14309 15003
16378 14726
27475 26489
1523 8484
14121 13878
10473 3327
1549 18344
4896 20292
23571 17769
6433 13426
16534 27756
1024 12372
22448 25101
13071 17121
25759 11566
4548 29018
25795 19491
12045 23263
15062 6435
9631 23618
21506 27146
12054 8324
4270 20910
4286 16779
17341 27735
7251 27712
2659 17366
6159 3782
16596 11619
28847 22337
30436 4495
16791 3245
5886 5916
13414 22875
5841 18339
7150 13357
2003 4346
29746 3017
10597 12011
26085 23873
4303 18712
29315 25630
18332 29762
24219 3653
29216 26701
4841 2281
11189 30353
17384 29441
15570 30983
24445 29152
22946 16850
24752 27496
9371 11394
24400 27571
11308 27615
23305 3924
16675 30122
1614 25565
5433 11336
3323 1456
26025 13073
9011 27183
22249 14352
19627 7812
11819 18512
2488 8623
12645 31741
22040 23563
3412 27866
11184 17418
5784 4446
2130 12796
29923 18164
17023 24149
8778 30083
8762 16418
29509 653
11522 20601
19687 30628
3529 198
6859 24487
11259 12166
10852 960
31764 20806
22624 8044
27332 1404
10822 19504
10778 637
17717 9714
14812 4253
20085 23355
9729 15515
8712 8738
4697 24087
5451 4396
28745 24304
31777 20975
22376 26439
12808 19318
15716 8178
11801 6705
19891 17307
4583 11174
14256 26808
25593 31568
27794 17680
24431 31512
26920 21816
14688 13271
4378 6230
26920 3406
15946 20133
11950 10496
11106 1771
3982 20755
22587 4721
5791 26724
31688 26565
25879 25935
24420 30618
4264 5380
12228 21091
18736 8261
5487 14190
20918 15644
13506 12427
4081 6954
2732 4771
26969 17742
9547 22530
28612 14798
16085 20744
17898 4229
2811 10186
25693 21079
25625 18755
8338 27941
2830 10547
27104 31459
23675 17793
24814 7653
20044 1892
19516 22146
2769 21242
13492 19718
1185 28430
7371 31522
1014 3038
9820 12974
10017 20586
19492 28761
13598 15445
30113 26495
26691 2953
14441 13735
17967 31481
16494 3678
27265 25994
24463 10649
21188 28919
21140 11400
20692 25068
6557 15318
5693 16609
12676 16303
15264 23630
9666 22327
3112 4681
30524 1099
13160 11974
956 3484
31264 12198
2704 26290
4436 10668
30617 6502
4092 10984
26807 20608
7882 27194
22474 27004
6462 20808
13058 23029
3143 28701
24040 15376
6914 25023
11759 23190
5756 26428
18273 22489
4832 18433
20627 1341
24705 28987
30309 11900
24534 21837
31564 11979
20686 18506
10192 26012
4256 3488
10168 28410
29126 25236
5409 6934
6560 11198
27041 1263
31505 28608
7952 13837
17495 2897
28877 277
27692 29725
3710 18380
26822 2270
25228 3768
11479 13767
26220 14019
3173 23348
506 29703
23372 12699
31943 16629
14491 24188
21768 251
30034 21291
23564 19061
4974 12638
17103 18515
8107 6580
22507 23216
4305 31324
22238 21136
27076 9740
5589 16220
19559 20432
10863 16381
16633 2471
8617 4529
15112 30281
53 11265
21339 15104
9444 9570
13957 28630
6619 17023
27782 13275
4758 20118
4627 24153
21692 15776
13976 13941
20435 26963
28196 31498
11920 24507
1984 27305
6614 19500
7059 3668
26626 5216
1788 260
25027 14650
14196 9642
19125 25866
21047 28225
23759 16166
12125 6592
22532 1520
2376 2952
20240 22094
9768 7035
5962 28919
11445 1767
4002 4997
5460 18756
12028 12029
22843 20858
9726 10866
16335 14110
1722 28752
20885 22546
28962 26300
383 19065
18355 22652
26958 11995
8728 18424
30831 11260
5755 2888
7149 7106
8309 13541
8406 23021
15644 22957
11536 6118
25453 30738
19431 2123
3098 24632
25516 13739
10253 26488
9181 15241
7787 12003
31443 14830
826 20922
8936 24952
26829 537
12209 28406
30096 14005
24099 17691
26031 17772
7753 12925
8543 5672
18886 4514
12499 16075
25163 3813
25441 1258
24928 2605
3197 13773
25381 6316
14363 9222
23560 10414
30703 5732
25590 18980
8620 21395
8274 7641
12541 23608
2098 26603
26681 3710
30040 8402
17907 10183
13234 30850
6047 1494
24978 31805
13609 11751
27536 5879
8433 21959
161 2691
2975 25780
19187 2159
8709 12908
17058 4575
21181 26122
30136 16202
6288 14684
15979 486
9800 28090
18718 5727
7517 9575
2532 13699
20101 19328
13721 24555
29420 1768
27986 10028
871 26057
22937 14437
12861 2415
21700 4127
13485 14885
18614 6107
8993 21235
13736 2623
7280 29103
1435 14482
28815 26472
29326 31802
28174 1211
29075 13370
12815 28847
27496 19471
8946 27681
9825 18508
25501 25608
20257 26510
24706 23304
31793 16478
11019 4178
771 13612
31075 26922
26459 31431
363 2432
18580 29869
2651 29776
12588 3118
17114 30826
8124 30233
31876 7473
15921 7970
10453 30028
14358 14412
9092 22854
8659 22262
18859 28293
22146 23120
19334 11495
1184 1813
16057 4045
27418 12909
16622 7274
31565 22069
31789 3538
20141 9633
5787 4145
22455 23654
5984 31338
14249 20442
21303 30686
6684 31279
2935 1753
31008 17056
4833 19748
3183 5143
12051 14647
25582 30127
134 853
9966 31465
20779 28616
952 23783
28597 8329
3538 17266
23564 22931
3344 14206
21138 18692
14751 8721
1015 16299
16836 18462
6726 5843
22009 31001
30161 8575
3809 19985
24063 15831
29072 9756
30903 16280
20350 22777
15626 30359
7544 31139
30131 23417
17897 30247
12866 20682
20040 13001
16607 31017
2109 26839
23227 19525
26213 29472
10247 16241
2472 24826
29077 3880
19675 13949
12394 14802
31883 11185
11929 3520
3920 2812
10791 20552
27609 22060
14132 16995
17410 27381
2312 13149
20328 12469
1004 27408
359 24615
17939 1813
20927 8464
14341 9742
7329 5441
7140 22463
23280 19653
6168 4209
21499 9485
18 8177
1793 23796
21742 12212
16008 19645
5531 26368
2827 27395
18001 20624
27791 27883
28844 14812
6704 1493
11751 28175
17566 27455
16375 3303
14639 19706
25883 5663
10540 28997
28503 18144
5128 7660
10845 16369
8284 23797
4542 30070
19948 3749
17640 31224
29268 21656
20917 1747
25671 28460
19224 9317
10901 10053
9134 27963
5365 21433
7887 831
5606 3946
28424 2857
14080 28338
21776 21252
2917 27686
18300 11105
23017 23240
9289 17002
12612 5119
4639 10863
10314 19628
25839 11505
28752 9351
29668 22657
16772 22987
7461 16451
16537 10558
9850 27953
27157 31451
10410 8519
9067 5354
10190 21239
22635 1948
29600 18902
1696 20166
17138 7084
5305 10215
19971 26855
3074 13017
30567 16309
19324 1777
12280 4229
16961 21173
29015 7938
20993 30237
24600 25826
23202 29268
12962 25937
2364 20030
521 10577
5158 9420
2511 29421
1918 26713
19571 13347
20848 30702
6270 14300
16097 25314
6470 6404
4519 15932
11713 23309
16981 21644
31855 12677
16973 16
9220 17387
8002 5101
28865 29388
19585 24647
31569 2429
24875 10819
26757 18661
21703 23288
11406 6791
1440 19629
16666 14280
18557 12428
23248 8573
17159 21999
1230 3088
22472 26775
1372 14756
21828 20538
12731 28274
8545 31265
13392 42
23320 12147
22634 23355
3356 2677
7806 16483
21272 24308
31433 6110
6888 19157
15327 25327
29776 28724
30433 27446
9513 14828
26374 958
17265 3747
25586 8717
20936 30510
19360 30342
11364 31531
18012 5506
10929 2791
7325 15543
3230 25744
11470 26325
21842 11151
24461 7405
21247 4495
697 7018
1760 23758
30047 17923
28280 25256
5327 26933
31263 5843
3534 1784
21035 13860
18347 11707
1219 5294
285 11983
7213 31348
3877 21761
521 31360
12519 12759
27604 12426
29761 30528
1812 20800
16119 21857
7282 14409
6629 29442
29186 882
13932 31819
25506 22098
7926 20100
16383 5164
3890 14826
29096 24768
28102 5717
26959 17466
7367 5702
1920 19615
19919 14581
9068 290
12088 3040
2041 30480
17640 10139
17278 22330
5647 16362
16559 29535
27211 17014
27842 12130
11832 25405
25260 20677
31820 3983
30227 267
18862 18910
26371 21607
19152 24453
1176 29987
31754 31834
10792 18863
18965 15842
4974 5796
22833 5947
21074 657
11853 975
28337 8002
15465 14017
2185 2137
22055 1333
27481 22111
155 7221
10445 30021
19285 22578
22082 27462
23682 20352
15620 12372
14800 19759
6006 845
25225 22905
8760 17522
17477 27685
5232 11539
5503 1729
28692 23889
30536 5055
4145 7288
5574 19062
22522 9285
8858 12827
5018 20045
3747 14201
2524 2868
2973 15116
5207 12293
17561 5147
20766 12816
12926 18982
2286 745
4751 14419
5397 14241
9094 19913
6702 11346
31706 2425
6386 12763
7373 25085
12776 23169
26406 24094
28163 29917
23677 2103
23722 1355
6465 17183
21796 3719
1730 14672
18577 9203
30327 20322
1486 15181
6807 21595
5300 25324
22119 17539
15204 2289
13271 4165
19104 1172
6027 17486
16337 20513
19718 25369
9079 3791
1010 11604
24334 24171
11892 9910
26749 12094
24351 31517
11276 3537
9876 16288
16724 20112
30212 6898
17840 21885
6977 14340
29937 25107
30366 5405
16176 11299
1903 24644
21485 24217
2005 29536
30091 14299
1250 642
8038 6472
30856 26811
29481 98
16736 25716
28602 29199
23001 6407
29664 14472
25557 21050
11897 30068
7906 31267
2992 13265
21820 20467
30517 2197
8625 21067
5222 20965
29448 9880
18770 29509
2931 8239
27529 16731
31614 3392
16613 21237
31338 21457
19025 27059
707 6895
9925 2713
13697 11944
3175 30512
7162 2176
22941 20369
19311 21290
31873 25939
28524 17675
8116 3413
12752 24393
24094 9011
23540 17927
19264 3409
302 19772
28504 1781
22954 5088
6440 26384
27839 19797
12847 9332
16279 8113
10118 23579
1683 31744
10093 3294
28714 26543
4991 26393
12047 22443
25198 23656
15918 632
4775 23312
15337 15945
16143 10540
18059 1196
2593 8632
7768 2108
9398 10079
22411 23770
30767 18754
3681 12935
9962 31266
21263 2909
1449 9383
10292 2974
12928 13042
5003 29193
9545 21733
14936 422
30465 6740
8004 22935
1980 27031
22152 1366
8962 12038
3875 24891
6880 10445
7444 5430
24784 1575
17870 3438
7699 12794
2519 6107
7825 13434
22375 16065
16111 776
29240 4459
11036 25869
1802 6611
20102 6325
3814 5172
24816 14560
20507 25835
18306 3409
4667 16725
8995 28309
5142 6562
7457 20399
10159 20979
27655 24116
8846 30438
29443 30825
9253 21878
24149 9171
30139 26130
8104 3638
31836 2459
12261 404
11307 15423
26919 30375
13553 11274
29717 28197
16861 9596
17106 26222
2667 31817
4934 16028
4443 23069
29235 30029
29013 13808
22299 24240
16105 31207
28350 16959
6290 8268
658 13934
18030 910
6734 26025
1981 3540
14004 28472
22037 1105
441 31416
23004 21467
28488 9811
5715 474
22746 1237
14164 31097
26098 8485
26063 30587
10894 17432
3076 5174
25565 6922
5158 21868
19211 18878
7133 1651
4706 2777
1927 5991
17691 26454
28921 3428
1369 13195
3112 15229
12793 10348
2737 327
27693 26426
21900 15448
4993 6704
10022 1461
20667 15103
17736 13114
21583 12295
4857 28707
638 20801
3353 11434
16032 4846
1960 4380
9392 5878
7700 27821
24210 15813
14352 27446
22855 24684
25816 5670
7401 3989
31149 30038
28245 13544
1779 18067
25458 6323
12948 24280
1671 24612
17673 21343
9102 19313
15004 31698
14749 21331
16101 31280
2707 8113
11690 3975
14206 31010
5642 26161
15328 23536
1241 18214
22907 10026
10386 12197
5371 31901
25979 10229
10333 10691
25934 26930
8351 28541
13728 30123
26646 26005
28818 78
5652 11917
24014 12569
10839 1132
23139 6933
4451 21017
17005 2129
26768 23284
11246 17536
20982 10499
1347 28715
3559 10340
30808 21578
22012 21634
25288 30171
8067 16726
18433 20985
5134 10393
30675 23541
29043 8669
22641 3790
995 17258
18996 26520
1969 16825
23759 4759
5989 25883
22563 12891
6807 27811
22667 16500
5587 8236
21973 27639
15109 16611
25668 22069
1099 10565
5090 5366
18528 13839
29836 3186
29809 3504
5973 16876
23968 17899
3518 3130
6080 17225
15866 1664
24807 6494
25627 3661
4843 20793
91 23223
3494 13001
15924 5881
10986 27186
12870 10425
25795 9544
30819 23560
2865 13855
886 28381
26436 12042
9470 17805
27064 7726
24486 25357
2114 2689
3787 24035
2201 30447
20847 14012
9896 10385
15978 11454
989 15336
16148 4038
10162 25466
3628 1080
3165 18641
22035 6615
30842 25074
18082 13461
12642 15641
16329 19249
9424 22171
9499 13580
11012 9241
27427 1519
4110 11368
12027 29569
10708 14215
5486 28787
30255 28776
24948 4494
5182 22592
21535 1075
12999 17290
28508 21092
322 348
25711 10541
21726 13791
11142 11413
777 10622
20368 20639
22575 2234
5895 16524
25530 7161
23047 14840
10471 3138
16388 25662
13065 11184
29305 6849
25987 28624
29023 19252
1590 18929
7739 6340
29397 5056
24329 24803
14266 30573
23823 30215
2651 21239
13575 27488
7517 31171
12968 27220
24356 27495
6276 30857
947 26798
8062 24285
12929 12886
27654 16890
14878 21564
21917 23442
25762 1652
17525 14852
5806 30144
29199 28912
2425 26600
23479 12989
15800 25543
24641 19783
3907 30764
8722 18015
1504 28002
248 22410
2156 13889
10524 25142
8115 23791
11846 6576
15517 3454
26326 18528
24003 19194
4948 8291
24844 3599
22927 28314
20169 15604
25941 20940
14170 22433
21178 7335
2923 9537
17427 4792
21003 571
25405 22815
18574 26162
30779 23217
12771 10626
23096 13968
17879 4633
17988 29671
17363 2306
26898 9980
26496 12020
15090 23407
21929 9171
14507 7460
18803 8858
30428 2906
12723 3884
9446 26333
21609 4547
25150 31242
15814 15866
10163 5621
20235 9856
28936 19804
23054 29010
18291 9844
14049 24869
14435 654
15564 24710
26919 13144
14540 22250
19830 27202
23151 13288
24718 5738
5564 24945
3945 7099
21097 3361
15349 15844
7784 19342
16251 3474
13442 29561
5375 17012
24034 11339
1435 19963
262 19209
7978 1844
1114 14194
17527 31760
9161 3042
11751 3841
31161 23869
24215 8640
20428 25102
11492 19047
20519 29999
8757 4477
28019 20559
26222 15257
10280 29839
7007 31180
15890 14237
19308 23175
27266 10813
25552 7546
14239 16317
27615 31557
30340 1513
6311 5255
21125 6562
27133 11159
9345 12322
31354 10630
21818 29695
18586 23246
23881 13732
9053 30577
5448 27481
10 3048
18067 13202
15816 10741
25743 3346
256 8671
3643 14576
31669 31833
21218 7999
27450 26674
22988 3420
27030 26338
11261 9966
25963 29585
17613 25498
31556 14824
6818 8757
27246 19227
5468 3171
6954 18281
14824 29625
3581 18507
9576 7421
23411 27939
23655 15519
30567 26450
10491 4680
6108 19343
4920 12481
10787 5017
10565 13792
5863 275
19043 2846
24141 10347
5136 27232
23884 21552
31172 25193
8678 30756
28927 3543
6450 26572
30209 14723
6581 3222
30458 4594
11073 17782
19743 30562
3511 26106
10880 11735
6337 6273
25311 20773
2534 7861
5989 766
16799 4156
9057 19118
29473 9849
13969 20447
21959 20878
3861 8571
11565 201
23033 22562
14001 28610
15224 5183
1232 7909
2892 3305
23013 17873
30642 26848
20050 11454
29853 2082
4949 24893
28505 6652
6119 20901
5340 30896
9385 1725
7118 4938
13733 11914
13403 10161
6876 6237
11574 18173
331 26064
20912 21868
8001 24670
11092 31055
2068 24458
29147 214
19361 4194
14725 17171
28308 6761
15774 10758
16152 7910
26550 1488
14607 19299
16740 172
10702 20300
16773 5889
10274 23455
24439 13311
22622 3537
31081 31135
28616 13422
17091 23349
29373 10695
28764 21801
10074 25289
86 3231
24978 11257
13212 14341
9119 28795
4106 3205
19570 4656
15735 7715
17678 28482
21061 15002
4044 1278
2740 16543
3752 26230
1062 2599
23007 25028
25847 4050
23292 6703
20706 1315
22778 13269
25154 22051
26481 21179
2633 24203
3808 17013
19798 30465
23028 21265
13512 24555
20128 1408
24660 7659
21905 21119
16984 26160
24100 30160
27036 6661
5076 10906
12933 26258
6177 25686
12873 25642
3443 31102
22861 5502
30800 31700
25791 8531
10263 21431
17243 16668
8090 28763
5431 24073
8568 17787
14280 3803
12280 8701
19410 3732
155 4985
23501 21295
3308 9729
6091 4522
22789 13373
20148 104
23035 26480
10961 29633
9590 26466
9436 27968
4346 19811
12098 12989
8208 30966
11608 17676
10351 13633
30629 9923
10148 26153
2104 24737
9190 17337
721 5067
27427 2704
19944 12609
10450 12672
12852 20074
7672 31461
20550 14212
27914 2178
18240 28676
23869 27972
9117 12496
15722 17707
4280 795
17907 18237
20531 2486
31763 27631
8271 15584
5331 21737
21080 25920
4544 26133
14901 17736
24992 8636
22560 16048
7469 3958
10189 23767
12821 19294
5225 5145
2649 16201
6755 11129
14643 16237
6303 23766
23437 20135
11537 7387
21768 22497
10284 2595
26498 3868
24381 16093
7537 19804
31875 12537
7515 19447
50 312
14041 21189
20266 3281
7209 12558
9441 21014
11134 13029
25033 1659
30966 28906
17805 3087
8014 30495
31566 12617
28573 19565
1068 29969
7563 6095
9692 23629
31142 14208
13786 27189
26168 24049
23634 3723
3526 18961
30413 1597
28103 20853
8857 758
23955 12245
18352 28448
15675 1598
19159 29240
21558 7075
25284 24347
5368 13025
20876 4698
2826 31480
7190 5653
21620 31101
29071 26683
9751 20308
6707 16081
24083 31287
11778 25265
3288 2542
12502 1917
4308 13560
4203 27979
6116 31105
17392 29534
30983 4407
9151 18983
6012 14979
3452 25189
19774 5277
2535 264
5339 2006
19066 13971
16155 15197
8316 25652
3397 2880
434 24222
24222 20112
1066 16950
17064 7312
24185 22224
25571 14384
20967 12498
11267 16900
4296 6516
27042 10059
11757 23806
7681 16549
6849 18416
21134 15466
18636 2918
27619 25841
11844 3503
24221 3025
15628 4195
12020 2050
18642 26432
16405 5141
31815 19599
10336 6222
17405 27149
4906 25334
20614 25331
10724 24921
9552 4169
2207 21358
4193 31108
24616 30017
9654 16611
17250 16072
6787 24990
30273 12313
8114 2355
7769 28592
20226 4591
7962 25402
19597 31981
6188 26502
27582 10306
27616 13292
30413 1643
1986 8050
31358 17326
24685 17162
4464 17428
30801 13460
3863 18020
5956 15846
22971 10037
28168 28605
20424 3129
27238 19573
29051 24006
28920 21185
24179 20982
22572 371
7029 18713
28134 30698
23374 1549
29546 22860
18970 23832
25457 28904
4580 10399
7804 31989
13720 20310
30163 2557
27198 1916
28701 19898
6842 14988
4816 30649
8963 8404
30552 16625
28189 11635
9250 21339
6396 28709
9385 19139
3900 21368
11664 22530
5748 8796
29713 12890
1833 29889
24626 30003
11356 13091
11582 9553
6041 9575
7391 30954
16721 10934
22339 13994
1093 13706
28256 17859
29085 15163
19378 26324
9278 9931
15877 8159
12143 23552
12669 23839
8281 12474
26646 439
4997 4303
21641 220
20572 1286
13782 17938
30520 5483
2447 1041
3936 1191
1703 597
4351 14872
15632 31733
9737 21208
26820 16241
14091 14671
27936 29537
19410 25771
28661 12964
23179 22293
17714 11772
14526 10074
17516 23563
29279 30972
19176 13775
29718 21372
17240 28330
27636 9747
10335 28421
14778 22527
8013 1070
4333 22105
6252 27706
782 6937
17994 19501
2342 8964
12622 19394
6614 25538
11630 27572
8349 8660
22456 15491
5453 10979
29695 20557
19345 20036
22104 25642
13576 961
26219 14432
7324 28629
27492 25459
7015 6130
2926 19465
28814 5321
17277 11225
26625 556
12868 6455
16576 17236
31231 18649
25373 13316
14553 14639
8475 19981
1861 29100
1427 13354
5469 29565
8280 10198
28099 28160
15672 13340
4343 26923
28256 16073
15026 613
26143 30931
7229 18628
9357 27820
17410 3837
14322 9209
11940 16636
31624 6386
22169 31429
8126 2922
26454 14069
23569 22390
30174 27987
19433 20750
3178 13912
5812 20686
2200 8965
18282 5298
20809 16109
26994 12791
6321 19292
17611 24036
4629 19747
23045 1301
18250 13533
12805 4572
15112 12273
25994 1028
12827 19127
6819 17391
31740 21186
297 3767
26310 19201
2754 6375
19492 1897
9295 4436
19024 6
24084 2789
21207 11981
9038 19553
17571 13147
2191 7304
27150 17252
14577 10340
10091 18694
10532 14309
9575 24218
24186 29926
6111 27243
20714 13344
4839 12797
2078 10416
14826 3097
10728 20463
16816 30448
17570 20360
17401 26881
26420 10705
6549 31633
27511 25647
14659 18739
11631 20505
21457 2381
10130 22975
10090 25341
6929 478
30580 12154
24081 24188
9211 25988
15537 15156
12380 17367
19269 6153
20526 21794
26064 12788
22611 8412
23299 9157
23755 30038
13866 12679
1373 14782
5521 24238
14725 20796
22703 8203
18025 2293
30356 3373
24372 11191
14461 6400
5875 18094
31926 24351
25896 4929
8520 20417
1799 13333
29174 24983
9837 990
7790 5543
8950 8892
6767 14000
24861 28270
608 16743
3858 19529
18239 19847
4992 17377
18407 2408
10952 4912
14592 17204
2747 19048
26211 20611
564 18725
13452 5956
6587 30103
589 19166
11586 10231
16339 8410
25068 27426
16204 13915
23354 16306
19703 23719
5011 27263
17563 4546
29259 30105
15655 16349
1081 20883
14066 15184
9525 1119
28146 14403
16986 11611
2852 21425
26240 16813
17791 4281
28347 20648
3687 3888
14864 17435
27041 960
26472 25994
25748 21644
1930 15728
12922 3566
26138 8072
4836 26716
22214 13093
7413 23274
8121 15007
16192 1424
30148 22150
21538 17053
21810 19358
1276 9867
16620 13734
26653 11251
24661 2339
9768 8609
18262 12852
10949 24041
12539 12026
15032 7934
19996 7065
18139 13724
3878 3460
25182 1571
26226 24027
7033 25026
5791 21682
13344 19199
17329 853
15223 9835
7678 2666
20088 19616
713 25130
2965 1385
31223 7070
20432 22614
5563 11257
27332 6322
9807 14627
2620 31000
22968 24301
31895 29292
19124 3074
12567 11183
15023 18383
30567 10080
18285 14118
12699 31292
23708 15541
2600 14326
4806 13223
15380 15809
9180 6342
1596 16357
18018 21263
10373 31977
31507 22163
12003 20036
18745 17559
4489 9632
27645 16547
22678 4293
12489 9720
8796 30756
20866 4214
22107 1570
22684 11354
4998 6654
6116 26833
19663 18179
15321 26731
4772 2111
20257 28252
6965 23494
3854 7560
5592 20268
21597 8769
19081 5130
3379 6393
28571 31151
19302 1211
6436 6905
15348 24735
25578 30296
19008 22009
27278 15549
6721 17094
5942 6767
18140 3296
28011 29949
10541 30141
13138 11061
3896 11615
18023 8464
4414 7475
2674 23969
13523 16469
29386 30456
3070 3401
30703 31084
13784 22377
11004 25689
20208 16931
25434 11387
13329 1842
17054 18238
4039 29969
19740 20535
31815 9565
2546 21904
17227 9240
1183 9243
11073 26191
772 12148
20514 25228
13042 9228
10231 28424
8931 4567
7015 26474
4637 13580
736 30520
24317 31053
14374 743
20798 19229
3846 1537
13293 27545
17189 8202
14528 10361
10780 14616
5514 5436
14290 12641
970 26443
4991 19316
7094 13201
7572 1184
29057 16057
15450 12708
17799 29763
25635 28564
15295 5600
29433 21814
29526 11064
15931 17705
27586 31547
5173 19799
29193 11494
9781 31629
20451 18791
2563 21247
12578 12727
12059 6184
2269 12716
3446 31292
9719 26896
15042 17614
7556 28621
251 23206
488 23373
6195 18704
13092 15599
25763 407
6172 5333
13559 7277
18471 16998
6454 16278
11098 11629
3923 23442
21763 19099
15431 629
30799 1903
1283 4486
11619 8754
13876 15749
15438 19859
30879 26742
29997 26628
471 6783
14207 2174
13378 6144
19267 22992
1162 2600
31453 30322
12863 6568
31650 13212
12111 17080
27486 24600
7836 25569
6767 1991
13008 25273
17499 8242
5954 18627
6310 29372
11782 19223
3762 7788
31570 9949
14903 5646
18315 14663
29570 7842
30342 10254
9968 4905
31107 25488
21487 14409
27039 4300
10035 16711
17838 19839
24428 20493
3197 11245
24845 8753
21640 10381
23419 22677
28523 4132
29879 27306
9865 4441
19310 2883
3137 31473
2906 11822
3650 6982
11195 15333
11139 31900
23742 30637
19712 22892
30097 20237
18953 16219
17603 1686
30188 31310
11168 2863
20845 25761
22288 6985
16547 1276
18248 6520
15858 19373
25842 9364
12238 16808
27413 2780
31087 8286
21606 21422
26712 30395
3647 18517
8232 24870
8089 23819
21106 14383
10074 22883
19875 9151
25603 5992
5182 20885
28050 26868
27526 4424
24285 17036
20096 28138
27353 12671
12771 9533
15348 25458
5621 28620
147 23200
10458 27836
31995 14839
4798 22328
25165 8017
2796 23823
27529 26565
25692 2392
993 11034
2117 23183
6094 26955
10110 2911
2730 20064
13250 22104
26224 17969
30363 1670
10278 8621
1389 29037
2372 30955
26052 4
10261 31624
16836 5977
30057 11344
4701 28142
29388 31658
16280 20995
21473 16923
19094 5530
11407 15367
13213 26471
11738 23529
26320 4281
30461 24256
20291 12071
18113 25172
13133 6791
30024 6192
7877 24713
29877 12778
9237 12403
9696 18716
31849 5692
9395 16327
21811 9790
22066 23327
8482 14433
22702 14277
1043 31023
5921 23986
20856 21853
2181 4715
29360 11284
14452 14847
25789 5134
21355 7630
1093 12634
13027 31252
9813 8223
19971 17418
15195 29609
4478 14162
1734 9867
31034 30228
13677 25102
4801 9747
16236 1912
3548 11934
20305 417
152 7423
11202 29360
28902 3709
17789 28411
16034 14322
22272 21164
16776 23850
30642 22300
251 6296
31470 9235
18307 10752
12402 30430
18121 25506
2942 16141
16813 2693
16124 2319
3932 4405
15104 8035
4799 2625
17441 22674
6161 19055
30767 13431
5579 5944
14194 19198
3601 1596
29203 26248
29085 31356
31194 12289
17329 28368
3232 3569
20806 22001
6041 16230
6620 25433
10514 8786
31787 28268
31206 2768
20896 17288
10985 31462
25895 6849
8722 11096
13569 10848
8945 10767
8591 4116
27019 23760
24038 25784
13503 22575
11122 9490
6229 14451
18783 746
11110 3956
14172 19871
19187 24175
25837 1591
11089 29146
20262 30733
19130 6671
8165 31522
10262 5080
29816 4273
4026 5953
19504 29439
21615 25158
29690 1369
26920 20972
17341 31471
1919 11387
14520 12168
13802 5975
17173 26711
6135 14832
9489 18232
2827 14026
23452 7408
22634 30066
21864 6543
14938 3530
23218 23777
7411 28596
8686 6233
317 27858
11181 499
13497 17909
5590 17115
21772 27227
4346 7225
28890 10770
8431 25721
15082 25853
2971 17200
23879 10017
18619 30097
8227 20817
2436 21805
204 16113
20164 21868
29423 19606
13781 28125
29004 11076
25606 31754
16950 18693
8928 15194
22137 25837
20913 10131
8311 24933
28156 26110
23706 9002
6263 22056
9306 25632
5636 19763
26957 18107
11118 23024
19065 26506
26339 6836
4015 21751
17278 12256
19753 30324
4037 1565
3913 16020
24943 2075
30984 24582
26739 712
21615 302
1635 3765
10880 26111
18891 13847
29552 12909
30272 18071
30365 5323
17369 20558
24402 16979
17355 11621
1224 26325
8605 25542
18750 20229
19120 19263
15004 12929
6570 101
18571 28280
20080 12871
3663 3094
4775 25688
21049 24809
21181 17692
2390 30227
3841 27328
23321 22309
15494 10706
11261 11246
2796 30585
12029 6557
27903 15942
6462 2956
423 27680
23309 21142
13189 15666
6054 992
29393 20795
16119 23060
28701 17624
8221 10082
14661 514
4065 28209
22405 23971
24722 11967
6648 15377
2309 9875
7070 28969
12803 12479
23264 18129
2954 742
14341 257
24762 11603
18824 994
21299 27861
5495 10348
27760 30100
778 24304
30385 3684
10254 11832
28225 27003
28254 673
19142 4235
14338 593
28199 4312
6416 8621
10525 3318
18550 13921
9976 4363
6543 15289
2624 6720
9025 27700
31181 17117
2605 1308
27444 6866
4556 10833
3147 21807
26675 11706
10584 26743
20523 17259
7749 25002
712 24637
2512 27746
2315 15576
27212 30525
11554 31239
24539 435
16482 23390
22922 777
27223 1219
29941 908
7131 12653
16535 17433
16892 2301
30552 27713
22892 17879
31873 20522
7857 2316
13636 7054
25381 27342
2664 18695
16442 1543
30445 27107
19939 29955
26614 22917
7701 2968
946 16689
16804 28099
11968 4421
19938 25957
20602 15685
25223 15696
29136 9073
3843 21965
14798 13379
14514 9283
24938 14655
22039 1672
28142 9428
1464 1847
23770 17180
23688 13313
3730 12607
8846 18034
25892 27940
16119 15817
22917 3537
10914 138
2248 129
12824 16933
27743 19725
19071 23076
967 27787
3735 9459
22266 20605
31667 1048
25164 11205
6926 15101
9972 20136
6758 96
18142 15451
29238 5011
14210 5282
24827 11247
11161 11712
11117 9270
7142 10069
2459 15443
9504 18251
30700 8941
24979 10755
1271 5844
10560 9803
18477 13460
5869 1961
22119 4790
7768 26770
4019 15715
5805 22923
26308 25619
22379 15811
3606 15860
11410 7280
11777 31914
1195 11899
2085 9595
27174 18616
20688 8507
15806 10374
11238 19546
21527 1642
20681 7780
17882 19088
31105 15124
33 27461
14496 14650
29942 21119
31726 15672
4278 31018
27747 22054
10112 22840
20665 21621
24369 16629
23403 26226
1738 4678
17288 16709
30224 8197
28135 30124
824 5247
20740 18330
21695 20258
1743 1505
1130 10961
3790 13685
22994 17051
18452 25109
377 22001
12417 26677
998 4710
23910 14635
25535 28318
25895 10398
29602 4979
9922 18273
16418 21975
17141 630
2363 28544
15142 26845
1328 10713
20878 19516
10384 24423
18325 28294
24809 1523
20694 18090
21389 24008
22661 17799
18927 4504
31016 19837
31101 12327
30660 17951
31033 6581
31931 7264
9885 12420
8786 3722
8058 24813
26702 7310
6593 4373
14490 21526
4873 654
6714 15204
14882 21833
27236 13147
6569 6101
14317 30133
31677 9993
6598 16482
5277 24028
31378 12533
25358 634
10757 8751
29118 24217
10491 15646
4259 30031
10132 10922
2098 11346
4116 24949
2522 4379
13808 3306
16860 8150
4972 28275
28726 30912
10773 22462
27434 20029
11845 25627
3783 15373
23130 7078
6002 30322
9049 31810
2289 13294
27680 12828
16460 21002
6046 3306
24709 13083
1932 24898
26469 16643
19185 15794
21519 22837
7045 16743
1061 6049
4324 6426
4100 18084
30506 8347
4430 6069
11110 26250
5766 3562
22490 2166
11702 3546
13395 29171
464 13085
13967 24615
25561 11480
18917 20839
14602 18710
6164 7408
31754 4740
6318 9290
12784 8385
18652 21162
18628 27608
502 11422
20339 7322
19872 26631
17646 23499
12811 31564
18955 22958
24105 25701
16293 2324
26501 25294
22076 11609
25139 8713
22886 1319
15124 13664
30923 1174
8867 18809
10412 25730
18478 11175
15438 25856
1527 4390
17247 5206
20680 3217
11239 20021
8615 13202
28443 16426
11779 28003
11314 18802
10337 16058
7749 6625
21262 13056
21544 17971
667 25851
10906 1692
16459 17878
28570 16893
15085 21844
22046 424
6498 20529
14152 24762
28235 19055
15131 30455
20515 24746
28677 21331
12459 22819
388 5185
18875 15971
31541 31440
1860 30396
20742 3437
22911 2111
4397 4855
11181 14514
25961 12289
24609 11114
30116 18206
11983 23131
15431 30397
30810 30740
26568 11895
22535 2022
4513 14077
12645 648
18682 6704
29699 20857
26953 30432
7132 2860
13049 16619
19698 26136
6411 17957
8777 15907
31094 31118
15819 9820
15951 18402
27781 7701
969 22000
15165 17020
18212 24827
1670 31796
12941 1391
16996 21137
13375 29654
3302 28635
22298 30267
2173 16347
29557 29753
9525 30817
2868 23931
13205 28407
10386 31924
28828 20924
29327 131
25944 9915
5806 6141
4171 24755
1314 17137
28897 12132
22664 11298
2206 25141
17645 6750
21041 27008
7508 1951
12415 23695
568 18009
13199 18658
18780 19452
26906 9273
17317 17919
11698 21886
29959 7404
28989 12865
14776 26672
16415 29085
30382 25206
9515 22992
13856 18085
11615 9283
7941 23070
7987 26961
10832 2999
5801 16285
11364 5294
1962 27950
14215 14236
12776 14564
30296 23298
8588 25473
2635 8328
29665 10377
26892 12141
29177 15598
25346 13139
4525 30034
5199 28427
23689 10074
31069 21717
16901 10796
15647 19237
7453 16631
5532 29466
28503 11676
23370 1240
1654 4501
6228 20695
21117 10406
13812 23692
18917 20246
11091 6958
2297 12470
8099 15354
22233 1234
10426 18018
7513 10853
8863 11004
27824 29545
31870 22306
9070 22828
24918 15311
25254 25186
22202 9716
13397 15045
26345 15612
3313 1836
25840 25861
10252 7666
11692 12407
18841 5415
20740 11175
25285 21195
21475 9420
3079 20221
8849 19301
15832 4087
17316 3964
19034 3663
27865 4920
16972 14909
18668 4586
264 15239
5416 30009
14986 8391
13332 291
30426 27471
6826 23979
7941 706
18930 21852
16309 4159
19219 22289
23244 16627
24501 11535
12985 18061
19105 21627
9457 29443
17229 16719
15876 1427
8409 2537
15715 10396
3462 16639
14297 978
22174 13847
11220 9553
31223 11691
24301 8063
16264 29961
7764 10857
4795 27458
28121 13033
10144 15801
18680 9642
11414 3409
11789 12532
18153 26559
6893 25246
8347 6922
2434 30392
8908 18555
2588 28611
8983 15816
28962 5671
8445 21211
10160 12980
27596 18784
26018 29624
6011 16192
23092 26509
25682 9007
1850 15225
25537 25813
26591 2122
28975 26980
17344 4645
20521 20253
24168 3983
19817 4281
20040 22098
11668 12190
23768 31857
26090 268
14991 30792
2777 18954
19993 28978
2612 31686
19958 11315
30239 18034
4748 24836
18494 21964
667 5308
24290 20205
5788 2633
30552 1309
26496 3355
8809 12807
572 626
13241 4206
14498 11625
4029 13290
9495 2891
3269 4443
30797 31098
3631 24381
9992 694
2425 17861
12865 30202
31270 1802
17184 15429
30904 24530
18697 8884
29929 11701
5738 13810
789 7161
30034 22486
19332 20572
17037 12295
30907 4866
16504 8785
12908 17596
15010 25946
8222 18759
12461 14713
14945 28390
3289 17465
11975 11403
29702 16766
28430 19556
22121 26185
23066 10350
28152 8303
29168 1139
3677 27823
7708 16531
7498 8605
11156 5306
6811 19782
25624 11000
21790 13123
25714 21744
8971 26937
23864 14420
9639 7089
4487 25759
13270 14165
17152 1925
30244 10423
30895 9772
19977 28980
12063 9479
10777 8794
30452 1848
26077 16950
29647 4690
20958 30679
9756 21363
4371 23255
23553 18168
25451 2553
17331 14138
22622 15911
20163 15488
22140 2816
126 16676
13884 14860
10661 30768
29374 18987
17360 26386
2978 618
24777 4482
5926 9463
21510 18780
29570 27076
10405 5986
12857 1400
26037 21329
27833 28965
12790 5224
6559 1780
6704 16116
17997 173
13728 5899
224 2851
2718 26758
4756 2150
7636 8771
6624 13034
12003 28664
26408 9612
17288 881
16600 16997
1506 13999
15765 31075
14720 2148
24997 26729
744 13196
27368 8472
23791 10604
7864 2673
56 19503
25445 31244
5900 14059
29340 25199
8175 3494
26116 843
26713 23488
14877 481
17590 2586
3255 12526
29032 24665
26832 2166
5372 19874
16137 17001
10613 30314
26752 8879
13846 26041
533 26374
13279 8406
19279 14477
20746 17624
6460 17932
20659 29278
30962 16414
17190 20659
20111 8274
9334 17266
17666 29830
14905 30823
16363 31132
29465 29076
23910 29414
14627 11340
13013 26056
9814 15337
3237 10389
2950 11169
29366 31642
20168 31841
28718 10261
24511 9517
16379 22266
10350 3874
12678 937
3461 763
9371 30587
14597 29132
7098 20609
15369 28577
31813 18412
16454 31763
19917 6726
19765 15789
25762 24150
20329 27427
2696 1520
10501 9608
12526 29298
15382 23684
20544 10046
27893 30569
11299 19562
25040 3113
3015 25488
2042 21901
13060 10648
31812 21747
24631 21482
8506 11314
24043 25922
26078 13191
27114 12295
28269 16080
13941 16841
25948 26939
19435 6627
26384 24665
8096 24208
29233 27222
10370 8692
22936 28218
22830 9738
10301 28268
3871 26734
18020 8794
12720 28700
945 17918
6737 20777
12623 31391
5907 8956
18571 12755
3620 26683
22694 2051
28270 5008
25837 22496
14645 15598
2478 5600
19964 12538
28875 18713
3434 26636
13331 243
23409 18025
13577 23143
11981 7958
24699 5371
24198 15244
28777 31945
30355 19340
5940 23733
23145 8236
743 26461
3677 24690
1009 22082
27030 17562
16574 12869
8180 28980
26223 17360
12649 11557
30580 4230
7410 27392
26849 14154
30518 22993
31171 30197
2141 12195
11797 20615
3287 22818
22181 23658
7493 10127
15025 30230
16695 9435
164 28464
16652 13687
22375 24539
5212 1615
13030 26460
27918 31662
22046 9888
27890 28686
20236 5343
8741 6951
13252 6767
15108 7140
2985 27765
12498 11840
8369 23734
6938 16193
13499 28925
4773 29692
21944 18001
3506 21109
31161 28197
31713 31595
18794 16359
25437 17651
16977 12514
6448 5837
2503 10534
14378 30952
10628 16483
14467 13223
6248 28355
9094 22349
8669 26253
11531 6832
6802 21627
20553 23275
23716 19921
7271 5652
28278 13714
11033 9655
13802 9086
24826 9742
27662 15503
21683 7470
31391 9346
5600 274
7279 24070
27964 19786
18302 9848
14921 208
18755 17089
2512 15220
19321 8955
5448 24240
27610 2870
9911 1479
25401 157
12729 30563
29792 15802
863 1221
17292 20970
10720 9980
25479 12295
5557 20331
31834 13012
953 19891
7039 13225
23175 25133
21530 29405
31361 21700
9175 2175
22346 12818
12801 31536
17213 18645
15189 10493
31346 4698
28920 1109
2608 25266
29740 6685
19741 6099
31565 17676
28485 15152
10563 12162
27173 16576
5403 25356
22371 15692
18448 18477
16300 5668
967 8626
1975 26489
28355 17340
18872 13578
25267 26895
15138 27784
30472 4738
30990 24291
13961 2033
3942 12799
10684 15749
20065 22648
11913 9848
19362 28134
16422 26958
14308 6284
19418 9395
12523 174
28096 26064
1132 16954
84 24646
28928 27517
6873 11632
7961 25834
23237 14875
17939 21605
25230 6811
343 11477
17465 17885
18972 9735
19254 25903
4143 730
1041 15856
7902 13056
25226 28102
28069 19120
11467 14118
7480 9484
3695 12555
19213 16019
8803 21001
25119 26714
12418 30233
25660 10771
5657 5041
17639 10658
30597 24000
7796 1020
8455 28311
27530 9346
27978 18119
25979 26065
26282 14938
7004 1405
26359 23100
2880 9436
29418 31292
10345 116
28545 14082
23780 2642
31886 7493
7803 209
16101 8823
31188 29016
16505 29153
5473 21714
26353 8560
20887 20864
1501 9427
13137 3827
28554 20783
20971 4829
7598 917
29737 9972
30349 19749
30126 11513
2049 24932
26755 31064
21132 9225
7021 21154
8037 1199
1335 22425
1315 24649
19796 17415
19243 9356
316 15973
13610 17568
5269 17957
2690 9007
3477 17394
28493 31596
21188 12936
26421 3444
17427 29873
21958 30085
30097 30623
21668 15498
12297 3635
19563 3924
19529 5855
6325 17831
31064 27536
22507 1004
4860 14330
7137 11969
9343 31440
25183 9408
5395 20316
12649 25852
13145 22339
9293 2498
30025 5838
27972 72
7626 17250
12644 27959
26543 30413
17386 7555
1605 29529
9720 30926
25996 23171
23678 1287
27409 29710
23267 6098
23905 18171
8150 25307
15336 3869
29155 25773
7185 2526
18624 5511
10352 30417
20832 31367
19068 30835
9227 25207
14597 21097
18593 23852
12767 31385
20849 21988
9150 11949
14143 9283
24451 31417
11445 16963
18639 10404
12440 11503
18227 28545
28229 24779
16513 13983
31471 12440
1476 27742
13841 11098
18091 9615
11756 17961
13570 25678
17916 13709
21645 10344
26356 5852
29418 126
28723 4277
14326 11546
8557 3524
28596 5091
11344 18130
12818 6140
14462 27708
11669 3269
6383 13219
29250 1056
28051 24821
27754 23104
14506 14055
480 12852
28453 9025
23594 12762
1335 6894
22152 8646
18465 13906
11785 10107
12310 10345
9501 145
25494 7296
7554 13861
2628 18469
11021 3696
22728 19292
29262 12176
8490 15864
29613 6533
13523 28652
25521 4886
30908 4985
5941 8901
8017 29704
4762 25263
15696 3675
13514 19651
4816 8487
1287 26572
28857 30808
26831 6317
12128 3526
22142 16045
12664 7201
23216 11271
24197 22360
6695 29669
18172 18750
25391 31290
30979 9976
7873 3445
31547 6534
30413 4376
5975 27894
16019 12254
10241 26631
4929 7174
25704 29978
26918 9201
5444 25930
9853 886
10186 29194
4766 27688
14663 19439
28625 14098
11356 19530
17653 20269
29646 5320
20229 28892
3637 26560
27708 15003
13766 21694
8799 28212
13171 9961
31435 30175
170 2216
21125 9381
5907 24687
9107 28607
17770 25866
7157 9750
2170 28624
13437 23910
31980 23392
15372 11176
13330 26181
18660 5269
12921 9295
6301 31671
11392 6453
8444 2317
31345 3751
18175 22777
14703 6758
26238 6614
27878 5887
31760 31668
18291 17072
13001 28209
2588 12457
20508 5489
9327 3813
19966 16563
908 16867
13521 18278
2651 5809
13291 23573
8674 2157
22804 6073
2125 11396
14426 4829
5974 18038
21441 4474
6748 9597
30883 21996
25575 20076
28967 21932
11378 4197
30631 18435
18955 9544
8875 29376
9571 7776
278 7106
6060 19036
21442 11997
6600 7884
17512 26451
19923 15377
16477 13579
16648 19318
20081 15636
18877 20325
16318 779
14748 16236
6395 15082
15596 8271
11852 716
17640 6031
31797 13794
26863 26197
5534 24515
7331 7933
23617 7173
30262 169
10021 22995
30220 3337
17178 3680
18586 9299
7620 609
25723 8487
14362 10273
348 4576
12650 16278
28986 27326
828 10007
10202 28314
20662 10170
8556 27559
6699 6388
23370 11018
14112 11444
3557 29713
18702 1324
8380 168
17705 5313
26272 845
13036 17288
2751 29919
11668 5237
2310 25483
19129 4687
8939 8019
12685 19901
12719 13760
29183 25535
27145 17786
23301 24242
21479 20096
12268 13779
29587 2445
8479 30384
19241 19541
24421 25612
24926 20086
25276 9120
29843 21076
2298 8392
5596 6102
30419 4825
9478 27675
20486 22850
19565 9326
6863 23570
10447 20051
19583 21324
31053 11137
26999 16396
5793 17468
485 20350
11063 5782
23335 25092
13582 14379
2401 8600
27194 15025
6184 7957
495 8429
23349 23157
3842 29558
28142 25108
20956 5410
1286 27339
4692 6402
24563 12976
10583 15640
2619 14174
19867 19713
8060 9182
1046 4000
17821 12660
30892 27394
7856 2096
25745 25906
13152 2674
7476 13262
27520 14399
16502 577
1833 23248
21076 8220
8084 10078
31274 31280
179 22103
4500 22716
21472 12781
15662 6108
19478 5455
13274 31750
4900 22861
15912 7371
22863 7804
295 29850
19275 28867
30833 18632
25306 10582
12476 26191
1596 3711
31142 28964
27591 191
4829 10835
24740 11555
7802 18721
5535 16966
25978 7446
6374 16255
27226 24643
15608 24036
6679 10880
27181 31976
1268 11106
1922 17749
6327 22509
6495 14555
7969 20819
19636 2312
29934 11562
6713 18459
29500 29363
6439 27101
31916 14514
21334 31108
3782 1642
11636 31694
15253 16540
2092 6139
14661 12833
129 20392
26324 28684
24523 3808
28708 13077
8520 23410
8140 29953
22335 20148
24356 3515
29726 20093
14150 20716
7566 5324
26694 9487
15090 22308
2106 30372
5984 16712
21545 11858
21013 11083
12951 11274
423 4690
13075 11068
1791 25120
12928 11613
17516 20002
1796 29710
13489 12036
1714 1368
7383 4711
15528 8845
11279 449
29454 5236
3345 10574
26980 1639
24208 10491
26411 9333
27676 18287
21537 20390
16923 29409
30708 2778
2744 3572
26711 398
30257 31612
18470 1985
5960 12351
5747 8554
26321 15342
7420 5057
27301 2354
23928 3917
4199 2609
28220 11207
15751 1840
24341 22943
8065 12517
5895 22249
8338 1465
26430 4691
30398 22112
18056 16779
22528 142
31047 8593
9789 14656
30236 16362
8402 11092
6477 17357
13831 15175
24995 20537
16912 26576
645 8952
20912 24377
20955 13798
30201 27792
6800 4175
4198 28348
21150 3002
17788 24938
11295 25514
7651 30038
23303 31860
15728 7881
9870 3323
11027 4256
25841 9645
16126 33
16152 16593
4518 18481
18266 29614
2055 17000
22892 2655
21148 6620
24250 6644
21281 20767
16643 21398
4998 28690
3592 25053
23157 6992
1177 16333
27436 9820
24314 10018
3746 28639
2321 12008
940 13559
4701 31556
23634 9271
802 1189
2593 741
30461 12269
2011 10850
4667 2284
22722 30567
25868 21714
21593 30488
15286 738
19960 10349
15555 19718
2326 902
2094 8992
5962 2544
3103 10420
29433 30352
13091 24530
19301 9328
11084 2302
11152 4706
8591 9529
790 9891
20877 27237
9510 4875
8771 13723
22714 12094
865 22567
11154 17246
15739 15516
8047 25160
17417 8050
6085 11939
30084 8753
25401 8886
29465 8778
16232 2227
13663 8523
15931 14742
13998 7026
17991 13589
16267 7359
31761 9961
3494 19229
15377 26264
27994 20281
29092 9684
2021 6739
30180 6049
24112 15435
12774 22076
25310 19493
30482 22300
13848 92
29864 16111
24204 3443
6605 13254
29924 31751
30023 8689
7363 20856
18484 26283
13673 6300
22097 10519
28831 8499
6693 20591
18896 16961
13989 28201
8994 7481
30398 8274
19739 17916
25551 20251
10544 30602
26333 4554
24247 7929
27690 13893
3922 12811
31611 25646
15043 3564
21033 20206
27279 9388
10621 1019
18521 16235
1192 5441
5795 9087
12559 14518
13249 16248
5347 9786
8360 20749
12664 5464
13259 8330
9082 26478
10599 23033
19754 18484
1836 21113
5521 17306
13323 20207
19546 20784
13473 3605
24009 8987
17166 27396
27096 30432
27701 328
17918 15215
20666 7552
12476 24205
18245 27959
28908 3698
10683 16105
21258 28772
3410 6972
6512 11709
21479 15675
14831 20937
8947 27466
11662 23062
24275 307
20169 9509
23700 18199
11929 19863
18948 30391
29580 28419
19489 24542
28400 722
25415 20846
7665 13751
7193 25013
3252 2455
29757 22114
15228 11800
30004 26653
8087 31246
27087 12493
5088 18512
26096 27801
3760 5555
7300 10078
25349 23034
5002 14462
25174 5086
24978 29381
11949 18661
4564 30918
8916 3300
1173 23651
10346 28563
30660 27999
28341 22506
3379 19102
11158 3761
9367 23028
17350 24604
30279 183
29575 13919
3285 21388
12308 25087
27355 9044
16477 9624
432 702
21499 21457
25592 24017
12708 8768
24403 7009
24636 23016
13575 29436
12333 2028
9111 3538
10141 104
20589 7910
20543 30487
6564 23610
3921 14252
15427 27323
18976 18974
4138 255
29933 7140
16992 16046
4893 609
24009 8674
21504 25408
15442 17154
30314 4930
5940 9006
2639 2543
26374 29143
9184 12036
717 3409
26781 17769
20412 5093
26025 23807
8525 11934
31715 23523
21141 5377
6321 26499
22369 12061
7395 12043
21718 1693
6598 1014
17320 3861
29361 7054
472 20477
18001 4094
16732 8217
4542 18559
28434 21735
4274 488
8176 1490
28647 4427
19870 16451
6773 24431
16985 23605
22886 13085
12992 9477
2961 7591
15670 11406
17664 26567
6605 7213
16853 18080
5481 21997
4266 28335
17486 8768
4147 15425
27976 15163
13134 30549
16780 12460
8825 13587
6966 26373
752 30106
29837 12700
21991 17647
10222 28073
13204 31932
12356 2865
23370 2596
9992 18701
4726 17680
27433 243
19932 20187
18714 15215
31770 24630
11890 27034
30313 7193
13583 31565
15309 3215
21626 7800
18692 4922
6706 2883
17918 18371
31816 14673
1380 31687
3265 31307
18755 4385
4638 22293
13049 14323
7022 21546
11500 25678
30950 29226
1 27236
24538 7374
30274 19726
21945 13698
4762 25648
23316 19119
17758 5182
28163 8890
6008 14099
18798 20312
11492 16255
19064 10878
1448 6730
31391 21188
14205 22756
21116 6169
23974 3113
19614 23209
10986 14919
3712 4999
27553 7438
20842 5945
17330 17018
11681 23935
10248 1608
19948 22147
21796 8950
4016 9187
30284 15427
13561 5305
6754 15965
13301 23692
10469 25403
17005 6693
4343 21434
21955 6179
22615 6943
12145 13509
16274 4209
24989 23711
22755 7109
18957 11867
5761 19562
21880 18205
12706 31330
23617 19929
24420 31833
5984 19245
26866 12847
218 13559
17803 221
12370 29250
15385 24044
1170 17676
20026 17418
19789 6576
19758 7786
30356 5039
12984 18456
8522 27503
816 15855
10805 1451
28187 30382
22359 3893
15032 24715
29669 29048
31811 19370
15672 15836
24864 1589
24545 17238
17153 14352
25718 20405
2882 10265
23390 2903
11482 23873
24930 17777
364 28654
28991 14872
23775 10464
9047 13005
3141 31441
5163 18748
29613 23548
8753 3112
25617 14555
14449 18737
31132 10098
8285 26541
21546 27301
5269 5700
22556 15222
23246 132
17734 25820
1163 17838
16859 29667
30559 25535
7318 31063
7216 28511
6338 25008
24164 7092
12176 21708
18288 20123
28852 3735
16493 8567
21647 434
31255 30279
23471 21679
25495 14179
7271 26410
4156 25026
25125 2837
30145 29329
4518 803
22590 26189
2096 24898
164 28690
419 10109
13628 5011
18575 21927
8434 5350
30209 1779
24694 27187
1598 7421
8522 17405
25554 4957
13261 29598
11162 17842
15803 5354
13318 22533
5596 28976
16146 11450
2293 4550
28188 15786
10252 1166
12024 22409
7670 14288
2785 26343
27183 3611
30515 28187
18285 3352
10694 14305
30383 8646
9707 31705
15369 19884
4288 9512
847 19691
807 4757
22652 34
6742 14922
21102 11930
5588 31606
5910 30885
3958 29983
8868 24729
13835 9551
16894 10604
5240 18247
26801 27272
22175 17897
18792 5583
7456 15623
11947 14405
11755 16086
7151 3772
14125 4303
7495 7141
29629 5862
19704 15902
4571 3123
4396 25992
28073 20994
30675 11204
15817 10399
19300 17016
14120 20221
433 21774
19896 16082
25133 18569
24546 22612
20939 16000
12161 7745
4188 29664
13629 19483
29202 3301
29994 2987
7542 26399
5499 29170
21751 18781
23331 8054
15711 29470
8903 10324
14280 8811
16715 22316
20115 18162
4933 31830
14938 6792
15600 15820
16044 7090
11508 30897
20367 8495
10995 11342
18624 7994
11026 11910
29604 4514
23306 25482
11969 7750
5761 1314
9275 7644
6586 2587
1865 29663
20116 41
11644 437
19924 29703
5001 3811
1320 21666
1809 22401
18943 25656
31649 28457
20051 23434
11225 20300
20618 31596
9418 25515
15184 24610
12375 3248
23918 17473
10529 21105
16882 14121
8168 20221
8951 26498
11135 19606
12350 12374
19097 24697
15919 20769
8595 4189
883 20807
21007 1683
5453 4500
8496 3383
29403 22913
21514 1770
29154 21708
4106 26394
11239 28332
1338 15175
2446 28170
25552 20211
12201 22342
21785 13559
28182 6439
15768 16168
1863 4070
14022 4417
22601 2718
6293 4057
26603 29975
20025 19317
4995 23114
23237 20844
29840 8596
31600 22980
30419 24864
28805 23549
5433 22494
29420 3409
15206 26775
9350 2602
23700 24544
5294 19948
508 13600
23415 27532
10167 28905
27719 27763
27705 29012
19699 30833
2650 3942
26278 29626
10836 3340
28329 25203
20827 26876
5989 15594
2058 27866
30222 21421
11313 10530
2674 30302
3388 20600
10683 28891
2478 24495
18929 16914
557 30685
12351 4371
5378 21299
27670 30281
27830 19970
13994 30222
15524 21674
4021 13340
27704 21737
4049 13898
15059 106
425 2499
23149 8973
10875 1328
6787 27243
8300 11941
11326 3146
5594 21747
25256 936
15870 7649
12940 13985
26682 6676
5522 18334
17826 855
11918 17355
25076 16238
2680 5863
12790 13739
28167 4370
15783 31480
810 5472
17489 22530
31689 28320
2371 30509
31503 7502
11245 4228
4371 20074
23146 31159
21494 19059
28084 5036
29679 20888
5820 11900
26570 1537
29129 6278
859 2308
11185 28763
6258 28291
8738 9339
20353 4961
31778 27355
22279 20761
3498 28130
25907 10470
15163 11382
504 25769
2282 7856
31366 29670
13145 26470
23828 31303
23497 4725
2630 20956
21339 15011
20331 765
11434 21945
23222 5424
27527 7598
21799 7486
24145 19053
18760 28637
25850 26105
15583 9088
9101 5355
12255 8568
17489 9260
25385 31353
24051 29492
16691 2845
8748 8392
20104 3534
139 8290
12509 8990
2867 15773
869 14229
27029 4988
26992 17176
17383 13267
22202 26010
29448 1830
26859 10281
31476 16147
22140 20134
2556 18866
8949 22920
21664 28812
30304 15253
4846 2083
31925 22681
1602 18904
17101 30945
18949 13565
20878 3470
2122 30650
30890 21491
22454 5770
11198 10393
3898 30250
16482 465
25453 10753
13643 1313
18807 21500
10724 2263
3025 29814
14955 4748
6248 18584
20470 31952
433 30332
4775 6567
4911 3503
4996 15770
3621 15751
19165 25392
4660 22095
27481 29209
3521 14797
8140 9715
26483 24689
13566 22354
30753 1705
26049 14598
18251 22944
952 30029
5729 3303
1094 15541
28693 26149
27760 12030
18501 19414
17104 17725
17500 27871
30168 13103
653 22158
30319 26389
26854 11458
382 7909
26965 10227
24950 13129
1958 18657
5603 12819
13180 2571
20279 1615
29920 31306
22373 5403
26105 14986
20179 7661
20287 621
13386 22095
21615 30492
11562 27276
16322 3222
9067 25791
20758 714
18708 6487
12335 25973
28445 20287
7926 13498
21405 10487
25958 18071
21162 6342
13354 1325
25162 24516
14049 8436
8403 7433
26663 6098
4850 15269
4595 6029
6583 8510
12545 18623
22990 5809
7870 1275
14067 28713
5448 31464
10307 14031
26947 7671
5234 27310
7635 8624
1616 29554
112 16358
7459 19353
16484 16524
11131 24960
1431 6356
5594 11843
8954 24550
20030 9689
24075 27842
21469 20916
29715 25021
10864 7451
3820 8210
31316 21
5903 2669
1101 28338
2118 8650
29308 380
25935 15292
2272 3675
17386 14171
4277 18231
30317 28780
14602 3350
28759 12052
26124 4545
25858 17335
22801 21056
13473 18892
25966 14776
8967 15144
7304 30110
31941 14195
21110 31119
29188 11394
27082 25320
8742 25972
8020 30164
2957 24576
9545 30988
27618 5259
3593 25350
10806 19927
25478 13556
1300 23488
2982 14129
9445 6830
17560 12327
4727 3783
31508 16534
4981 27363
12768 11113
29773 25977
23905 11312
28013 2695
1593 585
27044 14947
28055 4846
21679 182
15614 287
8559 26728
28246 8258
18312 20673
16550 2388
