11160 2505
2884 207
3346 9119
9060 6120
5443 4573
15904 1352
11175 3363
2492 2875
15587 7385
13712 10054
9943 13475
1002 13178
8167 1056
6655 14796
1210 9649
9682 1225
12620 14445
13888 7444
555 7549
1237 8155
493 172
8151 5293
9062 5265
5848 6807
5736 15044
14642 2615
11014 7294
13342 3604
9938 4261
13190 6280
7086 7817
5441 6462
875 1478
13882 1745
3855 4544
7641 2325
12042 15367
13557 15631
3051 1276
13357 15188
10670 12705
11057 506
11278 8699
15271 6258
900 10525
3645 6391
7733 3942
11376 1620
15196 3927
7695 6538
10322 13030
2938 2663
886 5661
12230 9503
3425 5461
8344 12123
13010 9272
13868 6484
11971 5539
9504 9328
9348 5400
11543 5743
14865 10273
13160 4072
3943 9294
5830 6847
5995 4861
10844 791
1397 6888
8204 15985
15729 6488
5006 6444
7575 5350
12233 12042
15504 3541
10730 4645
1292 12725
11342 15702
12838 8705
7527 12614
9804 3188
14859 7577
33 13849
3056 13867
15409 3217
3383 3857
12677 5455
7446 13267
12619 15593
12817 11420
14156 6192
4269 8439
12731 15359
4729 10489
10540 9613
9025 4417
8023 10079
15855 9576
4041 1108
15561 10619
1991 13406
8403 11055
1423 9595
9577 2831
2374 10752
15425 15514
13853 5960
13939 4493
2523 1006
14364 10828
3358 7228
317 4986
6685 13892
13509 4137
1873 9041
2627 6296
5023 12164
4130 603
12492 13888
4898 12016
3036 1783
7329 2024
6314 14614
925 7127
15872 15376
10058 11379
10111 8659
12634 2339
4841 3883
8732 4998
8827 11741
6277 8472
5534 12783
12771 12391
14318 7458
7657 12868
11429 11173
6706 14210
8868 2553
12328 4692
1015 6571
10412 10652
7143 584
11921 13830
8390 4662
7448 5178
8888 15776
7229 10883
12787 5701
10302 10730
8694 7711
1335 4938
363 7230
8441 6084
13203 6292
726 2685
2351 13936
12435 14406
4142 8832
9403 3435
5195 15554
13190 5590
7900 13436
13579 318
3815 14612
7512 8692
1457 15315
3737 8127
10463 14292
1725 576
12212 2950
1886 8130
14828 9763
4453 11139
1237 13697
8597 13400
8922 15627
1650 14914
15708 5967
11041 3170
10725 6788
9383 491
10891 8724
4082 7663
10539 4854
1547 6622
4251 9977
6386 11599
8514 3525
5161 3702
2989 624
2891 15981
2953 3079
2669 14313
1795 7373
7901 4923
14402 3295
1049 11753
7022 2396
4670 6709
8960 5413
13021 5721
12615 12199
7376 2055
8903 13360
15331 5859
15480 12078
13851 6758
9798 7801
2433 14002
4274 14663
13713 4774
1497 9171
2701 14124
5748 13928
1363 9990
13849 603
9230 14062
816 11300
2853 3391
6939 6953
11035 14936
8689 3999
7288 11797
7780 3150
10651 7411
1176 7555
12516 12384
9190 8209
5030 1942
8347 7299
14207 10500
4760 15019
6642 1542
7318 13699
8445 11930
14761 14688
10983 12896
15249 12591
9907 7432
11735 15355
14370 4909
12046 6445
10093 7666
6412 5156
1993 15789
2550 13583
10532 15745
10564 11695
11058 3006
14975 1022
3336 9294
9014 108
12943 4800
7829 15486
9148 496
8737 6159
13885 1049
6854 7908
10896 14403
2263 10104
2812 10631
10204 8798
6957 3980
12577 12870
2088 7199
14219 2346
15702 2737
11920 676
992 734
14978 6209
9472 14278
304 13994
14831 3730
8258 7053
559 11494
7400 14399
2580 12504
6190 12736
3986 15459
14130 6767
4241 9068
2799 3523
12928 10254
9891 9039
7962 7740
4252 11647
7076 9809
339 1561
15361 14998
9154 13440
8248 14958
9639 14478
688 11754
8138 9926
4554 6166
4472 15715
6026 1060
13242 7649
7829 1360
12105 7523
13769 1398
13991 8938
10291 10479
12913 9424
14563 13694
1089 6353
5475 2386
12407 1823
6216 11680
5117 8764
4336 97
497 1873
10812 3565
1072 12019
12205 398
352 14082
7306 5450
12231 900
7323 4363
10689 1184
3118 9802
6270 11460
9160 13050
13893 2052
8266 12390
9341 9436
6625 1538
7440 291
6254 5075
14523 5099
10556 6956
3332 13638
4724 1445
5960 11990
1386 12726
3680 4914
13349 5648
10882 4784
1232 1290
7282 15246
4755 1597
13413 1077
4681 13128
7305 10610
2464 6356
2484 5255
8173 10836
11528 9426
7213 11307
11553 3980
926 1246
4902 15576
14171 6393
5871 12581
11360 9658
6018 6415
7811 611
12091 9132
11556 12976
4714 4910
9744 3477
14834 5738
12638 1628
13545 2667
7045 5468
13486 7553
6234 8307
1229 7003
10215 3458
2468 9125
12123 1017
4771 11111
6225 1298
3379 6405
2769 1038
6000 9323
327 9906
10352 15050
12067 7057
13572 15301
4469 496
894 12094
13941 6615
8679 14152
2213 10598
923 10338
1152 10267
11046 14105
2776 8129
7328 5776
14150 9266
12806 9466
8327 263
1000 10946
10770 13323
3305 14390
406 7200
11694 14021
9250 7934
14611 9642
6623 2241
5991 5802
9512 15870
14933 9332
13128 7861
7244 14046
13600 10638
6391 3257
10991 15183
9435 11112
10903 8597
15147 4088
5458 741
2207 12930
14978 10757
10985 15321
2170 9337
12448 8699
12612 5904
1266 9167
10942 1078
9256 8362
8798 2304
2572 7026
10572 15026
14036 693
1581 5426
2463 1118
15522 7013
2004 10139
1893 7347
771 6071
4991 3791
15081 11208
979 9084
2719 10855
10726 15504
15797 7423
9233 9744
3997 3664
14799 12968
8497 5155
3553 5076
4135 7569
6050 13355
5269 13838
10134 3312
14532 3435
3833 1140
4812 7471
13216 4826
9003 8563
1739 10839
3659 13011
399 8407
7146 10254
8089 8810
8419 14166
5435 1477
4357 3714
11224 8575
7633 6532
3438 12039
5446 10394
4583 8666
6948 5145
6567 7016
1938 6079
4089 11058
10255 12598
15081 13611
10464 8635
7076 11208
10445 9227
7900 9273
15537 6912
12751 12929
817 5058
6419 2841
14338 5363
14391 14139
10025 12679
7004 4099
8386 4934
7382 290
9755 7037
7729 13361
646 6368
15411 3424
14769 15958
7681 13184
10912 15339
5957 161
10749 5231
1594 15706
13634 2956
15054 10868
3342 2241
5689 916
15444 14122
15251 12429
9575 9294
15164 2137
15275 13317
10367 8242
15082 151
5248 9492
451 7323
9203 11937
11071 12608
966 12149
2693 10294
5256 395
1213 8186
2576 1413
4119 2215
10154 4637
11189 3073
212 4486
15228 5360
8240 6255
8165 2623
14470 11552
1328 12263
6407 12665
4016 7255
8612 7849
2871 15604
2577 12409
8303 2659
14932 585
3873 11417
2450 14582
8799 15792
2948 5080
8848 901
5895 9778
147 10363
8650 9531
6976 5848
3743 2891
13691 11163
12223 6525
2096 11937
8271 3594
1911 1833
15497 10308
1393 13238
8557 14626
4771 9411
7522 15682
6946 10950
3941 7979
7937 1253
10583 2381
4748 9675
9554 10138
10475 13562
8145 5146
8949 5015
12417 13967
12605 690
8357 6095
34 15442
3241 3961
10459 929
14478 8416
1496 2666
8509 3161
14260 870
8088 11553
9179 12858
8901 5570
6882 6447
5204 1308
4525 15123
5180 9072
3573 7654
207 1434
14563 12234
5328 12070
9054 4429
11793 700
2786 11864
11017 5663
9778 2600
10771 11629
15785 3573
517 6494
9022 8652
13533 4580
571 11739
11178 11623
6638 15508
13994 639
12229 10389
11469 2644
1909 10935
5817 13290
3358 3829
3925 4611
7055 12020
4790 8946
8923 13388
7719 10353
7859 1420
8194 7734
6758 7364
2591 2499
12283 7757
10148 15553
5526 3668
14230 1731
15033 10086
15012 14062
15643 1749
12202 11438
6916 3956
8527 568
5938 1452
13433 12779
3601 13392
15915 5005
9438 9594
4757 13347
5383 1277
10341 4171
14626 12202
4 15876
1497 10738
8700 15437
7375 11002
5607 4578
2049 5464
480 11673
15460 3108
2326 6477
4335 15852
6550 5225
11043 4500
3085 15990
2256 11759
11899 12639
12052 15141
113 1406
8232 11497
9110 7412
3043 11224
3538 13473
13467 9329
5734 13080
4138 3713
7715 5466
2789 7896
3039 7997
2582 14028
15934 11077
5700 11269
13347 1924
13495 5242
3116 15612
6023 13951
5718 11652
10926 7039
13157 10678
415 3281
3934 6282
9016 1601
8623 12913
1878 10939
8428 8517
11253 8464
7986 7279
7255 639
2566 3667
15575 12229
10715 13646
10324 8174
3576 11436
15120 10929
462 3835
13103 1574
4797 5853
5195 12912
14701 8550
5813 5149
13874 7563
805 10309
108 363
6869 5485
7786 10003
2400 10874
12065 3125
6196 7341
10423 12126
13228 5896
8102 12798
5853 11460
7620 1480
10362 3070
6661 13378
15165 1996
15260 12193
12584 15306
12717 8645
3455 6575
9101 2878
5792 4001
4756 12890
764 8627
13762 14698
12902 11140
10839 4686
6572 15819
14455 15023
15820 11200
3283 6888
13891 7533
14197 7460
15604 6931
7304 12184
14677 15009
5216 4627
3045 780
11885 8806
15985 7164
5064 3328
5273 9910
6234 14347
9430 6776
542 1588
9644 3381
6676 4985
8875 5809
1128 7976
11394 12479
6487 2717
11004 9737
6432 15334
8854 2419
14471 12846
354 107
6006 829
13771 8200
11501 14970
4423 12534
1457 8132
4094 6778
5836 1637
9879 14539
10318 3769
2921 5130
5401 13401
7950 5552
15213 9547
9601 2646
8902 8361
833 14945
14580 11036
157 8106
6758 14731
4839 6220
3834 15393
5046 14549
7957 11562
2770 3115
194 11959
9172 9199
6416 1671
1361 14019
4289 7422
4629 6062
11478 869
765 5552
10469 12630
7021 12433
8990 13494
3632 12190
6087 3513
8041 5320
3076 4857
13959 7066
10593 12392
8427 11052
15936 3387
2984 7937
4092 11961
858 15120
12302 267
648 13763
5092 245
4511 6380
10805 1774
9677 1959
11322 12878
2760 1214
13513 1945
3222 164
5320 3146
2038 10066
2539 3492
263 12218
11484 13677
5109 1859
112 15157
13249 7383
7598 5514
7040 13776
12155 11068
10241 1216
24 5863
8716 5427
4090 5171
12619 358
83 6462
13606 9524
3467 6710
73 9105
10926 5596
2114 3278
5603 12887
6200 8884
14937 6215
9732 6066
651 8430
2301 11233
4045 14737
10793 10194
11444 4729
10539 9054
10573 10615
795 15596
7464 6871
10231 11617
15915 5405
2664 15840
8480 7551
8596 13407
14892 14003
6305 2579
10042 11689
8553 11326
1258 5366
15016 5277
3224 6417
1770 15902
11582 12056
5220 280
6532 10657
15789 3532
2212 7020
11516 11475
7001 15453
3347 2230
12386 6135
10275 1603
15382 4370
9568 9851
8474 5153
8155 2279
587 6401
3724 1274
13692 3544
3801 14369
10431 9214
975 11087
12676 8114
8696 7883
9640 459
9048 1985
7229 11768
9586 6020
11328 15163
6285 14192
4333 1937
2352 14457
3615 11993
7541 3537
9253 10237
2354 12312
5461 5836
4682 14750
2846 15590
2255 10376
7953 3698
1805 13393
6833 11927
9739 7679
13478 14665
13309 1742
11222 3175
11143 14825
14987 15945
15890 1429
10039 7877
15498 11987
907 2882
4829 3479
153 4077
10991 6885
5488 13174
11506 13486
13714 4837
8281 10718
14095 4611
3676 12252
4880 14283
3091 6067
2344 3420
9770 2171
8610 14999
2978 1952
8510 2408
1951 3322
10690 11740
15035 7575
13698 5990
8827 5737
8369 13222
5672 4631
881 12770
14940 10778
4015 6612
10361 6822
3774 11020
12896 9756
8785 7614
98 4809
7227 7161
10746 13057
15523 4655
8077 13014
3578 1701
893 3836
12705 10455
12573 14420
8630 867
3615 557
11041 8849
14734 7057
2797 4569
11711 2257
3841 11020
10837 7415
11793 13328
12125 15005
12993 3268
12175 4146
7305 337
8601 603
4298 4684
6732 9389
14894 10733
12625 15962
10182 2575
14582 2161
10047 8141
11294 27
11328 6137
4824 14465
3591 5322
13290 10866
2624 1921
2976 13135
9816 7651
10149 4334
988 14235
6705 6988
15884 9435
3123 10817
11186 3540
136 15835
9696 998
8777 5767
6755 12308
14125 15374
9826 11727
8277 7165
15264 6934
1633 567
878 6567
2527 14222
11417 12346
7896 194
2445 1430
12945 11388
2866 2645
13461 9857
5045 14108
15381 1941
12633 3
12706 2088
993 13578
15348 3207
1212 6432
4729 10913
10618 14572
1444 15048
1334 7903
3010 6877
14997 11444
4229 15502
12820 4922
13330 5624
11054 4840
13351 14124
3577 3230
7072 8775
12873 14288
11575 3179
5851 11402
14805 8519
9337 5783
14079 15547
4423 1314
442 7377
3424 4140
5422 3802
4243 7360
3516 5182
218 14656
11734 15591
4989 8276
3995 1047
3104 669
8576 715
7889 13988
984 5963
15219 15245
3872 10972
1570 7437
3688 13225
9658 1603
9012 1417
7240 11752
10852 10759
5121 1334
7785 1376
12987 7890
3135 13071
7177 4075
8410 5251
11245 6459
4826 8590
10957 3792
6331 13378
11221 6919
11058 5954
4522 9581
14937 8916
5689 2727
858 12474
14323 4157
10241 1118
3926 12886
15984 14684
6543 6202
11862 7777
12465 10598
8479 11758
13305 4701
10113 6232
12461 12419
2240 5630
1666 1032
7827 7677
3974 11811
2730 6318
5016 11044
1161 11732
7985 13864
4355 11980
6631 10951
958 15670
6453 4
9484 1081
1793 10108
14934 8845
9095 6988
3354 9512
14566 5170
7137 1002
5367 11252
14603 5663
14293 9496
6887 5797
1657 13008
6970 9485
1948 10337
9380 14310
10087 2851
3983 7932
8783 7942
4932 644
1027 6341
15861 3857
4185 3403
2082 13821
9096 8644
5002 14476
7718 1816
9269 537
8790 11280
13876 5709
15478 14093
7461 9003
4898 12481
2224 9625
8396 3794
1598 14008
3674 14184
31 7065
12918 11547
2286 13661
14160 3247
14762 15207
11307 3718
7317 5892
14251 10222
9096 11261
7341 8237
14164 6602
258 11088
11718 11537
3412 10921
1002 191
8659 12572
2954 5073
10193 10614
1706 9500
13957 8405
9141 8702
12006 8701
1081 15920
3276 9757
12630 15781
8314 5907
9292 9769
9257 2633
12670 13523
11296 11355
5745 11824
15140 4182
8161 14947
8048 7266
7325 13284
14766 8252
2954 3462
4721 12396
14174 12476
4183 11298
14623 9572
1551 9962
7931 6180
112 9829
7948 2880
10455 12496
5199 10134
2413 3293
3731 353
1526 9991
7930 10180
5732 262
588 13850
7111 14072
11236 11917
2099 9931
9238 4107
8768 8648
2482 13261
2956 3167
15741 7580
14425 10359
3205 9885
13426 1455
327 8403
5433 12062
9187 15573
1654 1108
4338 14411
10080 14526
13245 3156
13283 3846
11455 190
4690 6602
15055 2439
13235 14816
4312 9091
2674 14432
5502 11634
12997 1761
14464 9156
12013 11003
3811 122
15319 2880
357 899
7284 1285
2004 3193
1536 7931
8698 8328
2699 1785
11393 14341
4295 3742
3430 15067
15974 1693
1073 2546
8322 6870
13311 4785
1963 1559
10154 4186
3387 15640
4891 8232
11542 4062
10796 9874
14486 12603
6049 3653
13110 11683
618 8408
1588 11139
9219 4332
5441 13893
4149 13203
5827 13437
9505 4233
7454 5492
75 14600
18 2525
9556 13910
9823 14775
59 11494
10232 7851
12451 15508
637 5989
15418 6530
9615 10259
8108 5837
9452 5089
14706 14548
14439 6333
6228 10347
8005 7476
9134 10911
13497 10369
9464 6706
7121 13856
1714 10998
9627 9684
4098 14634
2648 11150
5059 10694
9535 12609
8057 10993
7575 5153
1034 15792
14437 15469
11243 14863
8932 15474
2466 11788
10614 2944
12352 9740
2294 8160
6242 516
12265 8869
14627 1125
8251 7563
5424 1529
10550 9847
10777 7697
11420 177
13647 13230
2347 15445
8312 5171
8663 14253
14669 12025
1172 11866
10893 11129
1098 15360
1042 13530
5068 10345
15004 10657
6649 2953
3982 6935
11428 9322
1573 14812
7243 8835
2248 7563
15083 3227
10726 7457
4829 2087
6634 7687
12704 5429
9940 11222
833 6800
2903 5267
1755 13830
1659 9684
9966 12764
495 11084
8303 3476
5465 14234
12163 13370
10595 10494
4073 176
982 12118
382 10123
9455 4087
5616 5973
8115 2365
7665 9544
6035 15580
1044 1333
2501 3393
6690 8178
8538 1674
2559 9550
8596 12547
3559 7377
5334 2930
8431 8145
6496 12228
14474 13926
4580 3773
14455 8633
6894 12774
11835 4326
12884 6582
15409 3369
7946 8398
9209 10977
14853 1840
1357 7105
3353 3289
13165 15879
9165 12345
7116 205
2414 2196
10160 146
3653 10472
1596 2883
9526 13778
11533 4619
707 14919
1947 9764
9836 7483
7485 3390
14918 13626
8209 15757
10894 1967
15501 5296
4670 5395
5142 11771
3770 1777
12494 2116
3649 6541
11502 10759
3034 15299
7804 7852
6912 2008
7465 5539
4781 4358
1836 25
2242 4580
15143 1794
4429 14169
15308 8257
12033 14929
7242 15324
13445 8702
7633 10034
11368 4724
13223 583
10569 7623
3459 2698
1553 14627
14725 13338
5192 223
9207 12384
10646 8816
7183 2165
8454 10358
797 7516
7705 2322
1695 2856
2256 1820
6891 5573
4702 2321
12135 9659
15189 7373
6701 6853
9787 1195
4156 7779
7082 11244
7904 4206
1986 4826
3474 267
1677 5106
9270 6660
12245 6253
8436 14007
11647 4603
8681 1460
437 8475
8992 15059
12723 10435
4718 3151
427 8028
7024 8047
2547 15921
2922 8288
5159 4305
11219 5199
4481 1223
5157 3894
6910 6855
9625 14345
11582 12055
8365 4884
11547 1489
14544 393
4474 797
11326 1139
4932 14083
5881 3296
10641 9747
729 12210
4698 8254
2380 5997
13800 14341
3644 7543
4314 2218
15768 6758
6430 13953
5758 1221
6315 884
99 2478
11138 4997
11696 13972
1753 12208
2028 14029
13016 10707
11795 4794
5386 7327
359 14775
7997 4052
715 9089
1383 9888
10879 2021
13365 2209
3789 11084
6487 8566
4790 12416
12877 5187
12833 11401
5877 7637
11909 5859
3088 12628
13323 6652
11313 688
5593 12817
9741 9642
8769 12313
10548 14122
12406 14414
9576 10573
8184 14677
13478 15115
10635 6926
10268 11977
3858 12531
7928 1506
8640 12579
2336 4108
8252 10767
6880 3364
1920 14637
14420 9192
3298 13823
9119 12878
8411 1051
14931 2683
2944 15985
13245 3575
9056 3286
7523 10732
991 7439
13974 6123
1656 13280
9796 4886
2663 10142
15608 937
9891 318
8855 8351
675 13306
650 1282
9168 11653
8354 999
10696 15194
15436 1388
8926 10041
14239 3210
1273 15508
15008 7144
5646 7869
9619 10722
8383 13687
135 13546
1471 1918
2464 10506
8770 7855
5175 14917
10750 10264
3096 1093
12474 14319
12660 3900
6357 12199
14591 9044
7707 4943
6886 500
12127 5836
1606 12094
471 7830
11935 815
3470 12761
11568 12402
7475 6208
4303 7576
3859 11882
15677 8134
4120 11369
13174 7142
12517 5995
7987 9102
15307 15524
8550 6674
11026 10642
5090 2877
7126 14708
1544 8927
14662 8045
9272 8672
13702 11766
2949 9005
5379 8898
7842 660
6803 13793
11793 4117
13367 9311
11718 6100
13580 3860
6741 5187
12230 480
4224 5819
8453 15772
15870 11910
5458 15550
5190 15124
8868 5626
4460 5497
6879 10923
11101 1323
11557 6062
7960 7393
68 13007
14158 1027
2083 4813
5142 10180
8151 12154
8322 12498
10694 4116
8231 4084
14720 6767
15907 13796
11514 14900
9108 4504
9123 5574
5455 899
8793 1598
5558 6201
15248 10741
8184 14510
11462 11115
9282 1888
6258 12854
3377 12233
9817 5342
11065 14890
7736 13563
4939 6075
8430 4993
12755 10736
15079 13903
1099 5407
3351 13375
1955 13155
5663 7720
3437 13543
367 1479
4857 15785
9634 13674
10442 10195
8144 5795
3766 5925
8627 7688
1993 5132
6225 2286
7649 904
6027 4444
4554 14861
15183 11679
13267 10316
829 11787
11160 10056
74 5925
12683 14674
3678 6624
6047 13256
8100 8501
14287 2985
5367 15108
604 15443
946 7419
4816 7396
11766 7078
5544 15978
865 8798
176 14272
4227 2090
10031 8277
5504 10078
12950 42
1971 1038
12090 4459
8528 15608
13000 13187
1546 5796
14287 2388
1697 3209
6974 15176
5719 10621
1324 9484
15558 13366
15483 14429
13296 1196
4427 9003
6008 15079
6024 9453
11244 8523
13190 9815
8892 13855
10053 12073
10799 4843
887 4849
9732 11167
14969 12303
3940 2729
10858 12966
12997 11730
7849 12749
641 5951
595 1281
7930 2651
6658 5130
9577 10183
5433 13753
11870 12899
13811 4024
1440 7832
1036 7799
5772 6767
7935 8236
2628 10011
6937 11461
7963 11002
8072 9119
13900 5279
15700 15442
2658 1234
8787 9934
12242 11634
2350 5706
4181 11773
9199 56
1191 2743
6299 6705
8750 2032
4616 1788
2798 9706
4441 3551
3857 8484
6093 15194
8318 2393
12845 14389
5417 14487
9018 9894
10330 3731
746 2414
11033 4467
10468 12789
14795 2893
15244 12250
12690 5807
2802 10705
9197 15682
3730 4480
11750 51
3650 3778
12598 15722
820 15691
12602 12385
11144 5225
12034 2811
13960 9679
7386 5399
7912 6183
13356 13019
6725 75
11762 5459
15961 6928
6542 7093
8416 12326
13391 10157
13129 7181
3700 8218
11717 8915
388 6869
2707 3713
13441 10098
9320 3259
3656 2411
8991 985
623 9120
6765 6965
3629 13370
13029 6239
406 4113
11591 15482
5611 7482
1717 14118
13542 543
13104 504
3734 5541
4064 3380
3741 12834
5191 7087
7550 1189
7771 13960
8899 12789
14673 13570
10058 426
1039 11797
12667 5514
15290 4150
12195 7934
3163 12650
15741 2
903 4919
305 6184
13667 4854
1396 6519
11441 7355
6183 9035
2275 1057
5124 5541
4534 12467
1638 15925
5851 13397
11046 9408
14173 5431
6510 4609
2337 8483
9969 7239
10863 6904
12860 13494
268 3461
7395 5177
11287 3729
4051 1585
8345 10650
174 4736
2218 9251
13555 711
14196 14088
11674 14820
10969 2705
11095 11763
6304 13288
4439 9945
5470 13311
6581 6231
14623 9029
10391 7363
886 11633
14815 11967
6202 1290
9542 2504
10131 13245
13253 1766
13682 11468
15343 8172
11629 11875
12355 1595
2876 1275
6600 11608
14743 8742
13813 7912
7868 853
11446 7207
3222 3438
6311 7753
14316 699
2966 8540
14068 9422
12647 6170
10501 6532
14506 13863
9606 13266
2808 15177
13719 14285
4894 12678
10700 6234
6002 3485
5951 4952
2226 5305
5005 9199
9806 3163
11418 12584
6724 15425
14815 4149
14680 13080
7187 7592
14736 11610
13060 10191
10801 3616
9983 13047
14337 11921
3183 10878
8597 4706
10927 2966
4856 11262
5776 11100
7778 9898
15577 10854
13958 2168
15722 6886
10199 7316
3115 5573
12489 3224
2521 3769
7500 1614
13971 10539
13478 712
910 360
9413 5874
7619 11896
3819 10078
3574 3159
7656 10852
13302 1243
9350 5532
9422 7788
11914 10469
7657 7696
13982 6903
6601 103
6655 2261
14589 9727
1658 15070
10060 11566
10271 5929
1210 13678
5316 7742
6170 13177
9478 6619
10692 11468
15470 1716
12589 5510
767 2641
7677 6068
7970 10791
297 14805
14965 15566
15140 5523
3896 13732
12508 14799
1573 2095
10900 6559
10234 9243
2137 6683
8643 9215
122 12322
6914 5670
5514 15976
7793 4709
162 3603
2899 13830
4640 7384
326 15647
15823 11551
3846 14800
11163 1812
9740 15988
7121 11289
586 15259
11654 5372
6293 6435
2247 10784
1821 2470
12877 6068
13174 9955
11389 13820
14278 3975
8092 930
5138 613
784 14435
15138 14970
4764 7115
5950 5601
1373 9545
1695 15792
6951 9801
1716 5241
9778 14365
15264 3620
4600 8115
7873 9630
1733 11052
15778 33
12737 13973
10492 2230
2694 8556
15179 14850
4679 5987
7957 2278
11764 8978
9521 1328
7362 11663
2528 7822
13589 2054
7936 7916
14411 6285
9439 6657
8496 3912
7964 750
5046 13829
4004 11443
5320 7811
9594 15938
1691 6047
10620 13979
12184 1910
6077 11280
15836 6506
12876 12667
1925 12577
6327 3428
15365 9157
15072 9823
8961 11647
4234 5303
13978 4826
3331 3120
12592 15609
9268 7464
15879 14498
12104 5271
11474 15624
10515 2006
505 2056
13451 3580
12553 8379
18 15622
5967 11384
3967 15141
1342 9692
6430 9050
431 11235
6209 8437
12770 9923
14900 15829
8463 12767
13034 484
9656 14866
10220 11415
733 870
6372 1985
4463 273
13166 9297
13581 3279
2260 8602
3244 11461
12107 12815
4666 8746
3360 6475
4878 632
12480 8240
8920 7856
4135 7504
849 6098
13926 9920
4137 1763
84 4190
842 6315
5726 12472
13509 4568
9316 12399
13087 10561
3448 3808
2819 3210
10701 14084
923 4828
14732 15787
10255 15247
592 15901
3808 10868
9155 7639
5520 9137
5290 3483
2962 2465
12836 2885
3933 9327
3956 3347
6550 1007
1268 5662
1377 713
9168 6490
8667 601
2920 3078
12758 871
10171 9632
15613 9819
8926 1886
13251 15002
13270 6893
4945 9162
7181 3872
5899 10480
6301 11720
7715 4739
12723 8104
4576 8380
13835 14138
14844 6381
10089 2182
4198 533
10532 7391
3381 5287
44 11097
6189 11032
10330 1605
7049 10944
8829 9797
1361 2152
8812 3263
7074 8763
1292 1538
6508 1307
12080 6702
13675 15322
14245 2058
5915 9485
7351 14520
11680 8606
5952 11118
12622 12948
4802 14923
12144 15692
646 9960
3167 12728
3260 11224
5612 7048
14263 8401
9660 15817
1811 14649
14680 14837
880 15381
2427 2445
6906 3125
10838 7187
7931 5267
14658 15403
3617 14991
14786 4655
6522 9151
2945 9256
8677 5572
2548 8093
12801 4451
12311 3380
4418 10943
11680 14443
3406 790
316 847
7127 846
15106 7766
9187 7696
14964 4843
9382 3074
7634 14827
11315 14043
6596 2673
11936 15674
1809 552
6231 14328
10424 1229
2134 13328
8642 5655
9037 3593
11230 2153
1624 2226
15322 15997
9961 11090
10942 4743
4024 6600
3638 2080
5201 7958
12105 13750
7154 661
3589 10013
6583 12169
12572 3838
5638 1365
852 10921
11760 8539
2992 12760
14584 3564
9240 13872
988 11521
10506 12902
15403 3011
7945 2624
11929 951
15084 10144
3930 6952
11376 8186
243 12971
1181 5018
3508 5847
1213 8702
15346 10519
10197 8900
9708 15891
4499 11656
1102 7535
15282 8393
9718 2329
14614 8877
667 11222
374 14731
2957 13903
7383 15537
1877 7145
4093 5373
10811 4464
13211 10322
8408 15731
11925 6422
4545 13808
9559 3605
14058 407
11037 6647
10593 12820
240 3795
13406 4639
2906 833
6780 5367
10376 13395
1430 70
4594 10847
2795 15858
4318 12340
11352 10707
8491 8639
6738 15151
132 15215
6867 316
7984 3328
513 8178
14907 4888
2309 372
1208 7136
766 14001
5134 181
5079 13484
7146 5182
10801 5768
6279 15155
1624 13010
9667 14284
11655 6735
3656 1664
9485 2232
8388 8122
15675 14119
1900 10485
132 14181
5960 3057
3847 9230
8314 10856
1384 10097
9702 13133
10139 6265
12428 5704
8865 1262
12304 10396
11430 11805
11702 12931
2060 547
9927 11709
12849 8642
13458 14843
12911 12081
7790 9875
14375 5228
15359 5796
13201 1876
804 7642
11960 13245
15108 4608
2143 8787
13975 13004
6412 3293
10348 13783
3044 12931
15492 7678
5820 2030
2484 7411
11714 13445
8172 14429
2526 1305
8786 3732
3617 5946
7999 10340
13296 6720
15368 14830
11085 6182
1910 1977
2541 10110
13379 1280
2695 11735
369 11482
11116 10078
9405 5946
11749 4607
4647 14636
1373 15063
14724 10730
8500 10448
4618 9169
5240 1934
11258 12380
5650 15280
12830 5265
7933 15005
785 7583
15815 15810
4099 2612
13162 5554
3047 7851
5476 15191
20 5253
7212 6173
9749 8248
2373 14312
15009 1854
6333 11215
12864 3304
9849 7877
12933 3160
702 15656
5673 2990
2063 8130
11675 4718
12062 2146
2990 14149
11268 2896
14086 6549
976 4276
15306 5700
11666 8477
14372 7313
8150 8918
5283 8260
5395 15437
11854 11339
12605 6305
228 13245
7312 4339
658 3441
4427 5094
707 7541
974 15506
10982 12195
1854 9591
2886 9817
7396 13850
1029 3471
9209 4668
7115 1669
12641 10179
2442 8482
7421 14296
778 6127
2512 13674
3287 3091
7144 4799
4467 13138
10001 7786
1519 10215
10623 2988
2483 15958
1946 2679
7137 10215
11306 5467
8019 13952
1388 5793
9901 12075
2263 1816
11421 4528
14807 6115
11955 9813
31 13248
6076 4313
5941 8115
3011 10642
5011 909
3064 5811
6173 10380
8698 2925
8836 8971
11619 7706
9127 11106
12929 2998
9203 4175
13953 10410
3105 9341
6601 15202
15129 9877
11396 7984
3940 11689
8177 11944
518 10153
11274 1862
489 15168
14954 12144
9696 6031
14019 1727
10141 10979
6718 9002
10827 4349
1263 7609
2348 13478
4867 5102
7875 10997
12806 15889
2830 10466
7461 15957
11232 15674
14480 14749
6738 14548
6209 712
5755 8002
12678 4792
7133 7417
5918 1036
370 2682
4620 1695
12189 11151
13068 13516
12097 1500
6577 9175
15533 9277
12341 10422
15197 7624
9246 6009
5198 9999
2352 8581
4061 313
274 15412
10102 9807
8960 1735
12414 7953
15399 15044
14981 6854
2976 12926
2489 900
9639 9182
14217 8809
7810 9599
9500 282
12217 7881
15366 3716
1435 5991
15550 4498
7143 2157
11289 190
13843 10070
11255 6407
8765 34
536 99
11185 9196
3626 6289
12643 7653
1623 13314
6859 8808
10739 10914
12788 9523
11191 739
3746 7674
13312 11073
14725 785
2556 11739
5421 6546
3284 15278
12364 14970
769 9601
1853 3833
12224 9381
11755 14493
5692 5044
10092 10353
5910 9946
12198 4738
4007 8301
14623 3077
9216 2537
6241 481
8491 655
4977 13283
15725 15798
15210 5513
4564 15591
2549 6692
5496 4239
15281 2502
15581 11252
15646 15315
63 2550
3641 15913
6986 13886
3075 4877
6853 8333
2563 9264
14221 3887
6208 2160
4963 6832
11467 300
81 3372
6628 4493
8566 968
74 7431
10442 6535
851 10264
4696 10282
74 15249
12528 8112
1724 8800
80 15553
8469 12624
7979 11422
9112 15499
12077 7089
10389 899
9731 15439
873 15228
9632 9621
4921 13206
4333 10298
5429 14961
14243 3523
1016 9963
5595 2295
1055 3190
12081 8541
10892 3700
4534 13491
1964 1307
12871 2724
8227 5383
1527 15836
6025 7259
13313 15188
7332 9181
13703 1299
11558 6147
7467 498
1405 9078
1592 10755
14333 4210
6442 13028
7374 13666
13768 11647
2622 13664
14283 9438
4715 13437
14414 5990
2996 5057
14344 12901
5962 15923
1178 7982
3606 819
13325 12852
293 9101
5818 8748
13934 13618
3100 13661
14638 3515
10611 3496
6398 1093
11216 3184
1732 7336
13330 3386
4600 6000
4331 3321
4159 14519
12808 892
615 10701
8538 4593
13404 7384
3284 13162
5076 8114
10679 13396
11717 9791
576 4928
1061 10333
5918 1066
8831 10695
18 8481
9941 3148
13546 7883
11360 13824
13082 4172
3147 1231
10159 1155
1394 11518
3172 14597
14415 5292
13224 1765
6640 4581
11480 6936
1421 5603
5630 11338
9382 7483
7019 14132
1496 5224
2925 3318
9438 14999
6652 4240
5555 14860
11084 12714
14971 5649
3519 1257
4995 5008
2139 15070
5946 2662
14482 7255
8671 12936
4384 4476
14055 13863
2380 3288
11604 7852
11105 13591
14665 2793
3088 485
15317 9274
11184 15345
6064 155
11060 3204
14808 14582
1132 9183
12474 14244
14484 9545
10158 12048
15296 7507
6870 15942
14878 1294
8867 15899
9680 4583
2763 1280
11416 14235
513 10118
10532 7115
9674 11131
14495 477
359 10630
7727 14302
245 3266
9505 3455
2851 8567
3994 9903
1388 9225
5156 2109
2576 13826
50 12249
13213 13845
2332 6479
1325 8793
1864 12917
14032 15765
4627 14878
860 1671
11012 5600
14563 9108
1843 2257
11404 4049
7003 6117
11499 10464
6965 15658
2554 8936
9905 7963
11622 15460
7978 9823
3887 689
11238 14317
480 7574
7008 6568
4965 12498
12922 4670
2170 14832
8830 3869
7541 7253
2009 1186
4678 1679
8538 5361
4218 1810
11969 215
4120 9812
12921 8300
8633 1479
6609 6388
5045 3184
3503 7133
3603 14567
12345 5692
7652 6187
7808 7553
12325 14317
8776 397
2100 5751
3161 11275
11149 10973
700 9949
6444 8000
7423 13078
9715 9471
9554 13724
8094 8309
776 2519
10398 6701
507 2111
8779 14765
2261 13839
15414 9407
8739 5467
15389 13527
6524 1116
13033 3906
8745 15997
12291 7241
2806 14264
13273 4914
3473 2044
807 4462
2071 11973
9678 14558
2127 11355
3863 9976
2202 8163
11771 9980
13793 15419
14136 263
13982 3261
8655 10842
2590 6759
14942 2294
9075 2106
2001 9042
14340 2992
899 4370
8241 4379
4961 14774
7960 10276
11844 15256
3927 14490
1993 13898
7517 13148
15208 4123
1983 9688
1116 5156
7466 11677
13101 6929
11687 12802
8760 1774
6471 9736
11671 842
12762 10307
3715 3514
14627 2032
10812 6315
15618 1185
3152 12662
15081 10082
2392 12418
2141 12138
3018 1155
4852 8858
11516 12035
7038 3827
11245 3134
11383 10545
13581 10118
8024 569
6107 8242
2252 6273
11744 189
12210 2491
3529 5516
4613 7507
11412 8781
8226 8782
11047 9789
12496 11207
3751 4672
5442 12901
2131 8990
8525 9068
5898 11388
10892 10284
9560 8093
12581 7027
1337 8603
13262 4629
10503 5082
3085 11875
7030 15018
3044 5005
13373 2742
6562 1296
4134 955
439 9725
9797 4133
8844 13265
8484 10932
2795 4929
4315 9097
5884 11882
14923 9474
4299 5131
15596 15087
1407 13342
7338 12412
2141 15705
3650 14624
156 11839
11949 2791
15844 4987
2996 8307
4571 5880
13774 5172
2074 13736
15894 5131
9194 106
6279 11959
4481 119
10917 15143
8824 3702
450 11498
10831 555
323 9502
12112 13418
5204 4110
10388 8630
6911 1510
6288 979
295 13616
15672 2525
4173 540
13335 6803
9910 9383
14136 4620
8241 9471
10333 13870
9042 13074
1956 7610
9900 163
15324 6863
963 285
6486 13155
12755 5897
3707 4422
6567 13538
7769 2644
15493 1994
6307 8980
12197 442
14799 274
4443 15816
10068 14185
10639 13950
12027 4317
6812 8474
8390 9315
4732 10011
1027 9849
10977 12687
3230 12711
3042 15355
1192 13329
149 13964
12484 11996
9409 13456
10213 9202
7040 15591
7371 14102
15050 6418
12724 1463
14694 13418
5971 8966
15243 13223
3894 2626
15298 2867
1905 9655
12443 11458
12822 5585
11719 6094
935 1694
15442 13526
8023 12412
11590 35
2507 15254
5108 8720
1609 11312
11337 14321
13922 12061
2469 1201
1718 5686
11498 13155
3627 12194
9531 8381
6471 8454
10393 9542
378 5150
12532 11017
5904 222
9441 1046
4010 4134
9567 3324
6621 1285
6693 11158
5466 12241
9355 11125
11215 7511
10469 1100
7289 543
11543 2700
3023 9906
14829 2553
8504 605
9150 11727
2061 9702
5839 11587
7 9294
15832 15619
1358 4047
8119 10958
9900 6287
7606 9259
2409 2540
12699 5542
3268 5791
1866 7502
12298 1429
15131 10849
1287 14473
13994 10766
10766 5331
10046 2114
15824 12427
8309 944
3762 12216
8967 458
8187 8547
7397 11430
967 15997
5505 13571
5353 8411
5958 1336
3161 289
9283 401
13154 3412
1206 12468
3700 916
6347 5242
15306 7939
11686 11853
8953 13921
5174 6677
6169 15920
1807 4116
3713 11892
8276 6650
11241 140
1362 1508
13878 4573
7272 7151
7350 5117
2202 2438
5445 3590
13832 8333
9116 13248
1004 15595
14030 2221
12555 12220
8729 4165
6250 9494
1848 6555
10249 8919
12681 7423
14214 12009
12013 1300
48 7146
14309 15513
2447 12285
5924 15577
12064 2962
2351 11021
5039 1147
2297 7994
3851 4705
5093 1789
15015 12802
13974 6717
4848 13925
1677 2772
4972 2605
1955 8240
15450 889
11301 3143
12033 2926
10343 9609
7921 8269
7407 4834
762 10414
12713 979
7354 6018
6332 674
4412 10838
10782 15423
627 4140
1786 1720
13297 9529
5031 7364
8241 8107
9271 14903
5617 3971
14622 5464
12829 9356
5927 9663
11236 8033
13291 12926
15964 4288
10996 15374
5228 1291
10758 15045
10940 6282
7124 10696
14149 10294
6484 2104
12581 7919
12132 4162
3027 3461
10092 699
14559 10633
2169 5128
1146 4302
5613 14439
9869 13593
2912 11072
5938 4159
1997 979
4517 13866
12173 5554
12621 1699
4441 3297
9946 5888
13751 12567
3507 8926
9319 12955
13656 9313
8092 1478
13124 9169
2356 5835
12128 9858
5275 4987
4543 12014
10890 7416
12814 1567
10575 8199
7366 9740
14277 4349
5816 12394
4060 12168
11950 15831
10951 5502
3571 6382
15210 8633
13783 2040
3369 12801
5492 13659
8653 13634
8251 7420
2133 2038
1174 7950
7192 14126
5428 1283
8023 9253
4721 15505
12475 4554
8624 2075
6645 2182
5633 3888
9755 2744
3160 15019
10078 15154
15330 8925
12320 9351
6114 10800
376 15752
14145 6972
13513 201
9556 1754
7575 3999
6700 5890
8863 15528
15843 11829
4521 14111
4074 9374
14609 9153
639 837
14731 7131
2877 15407
6201 8141
14072 13895
8563 4521
12109 338
7888 231
10095 1412
6792 6237
6432 3449
9142 3411
8427 4577
6792 14275
5690 6093
8989 15358
9380 13063
15130 13943
1624 10846
7850 3024
14671 127
4317 7882
2890 14087
13468 4096
5799 15577
11121 10656
15536 3309
14764 649
11941 13263
4170 3017
2041 14380
14415 10816
5631 9344
82 9380
5461 2937
2847 10833
2347 7252
9382 4531
11035 15613
13706 1533
5808 2633
15769 1272
6827 8750
4598 7391
9501 8981
8100 7517
2590 8900
3114 695
4626 10774
13171 10637
15444 14901
12339 5784
2257 5396
13361 7389
9601 8544
1245 12071
10739 9049
7976 6093
1195 4209
1472 14025
3584 5464
1648 6819
10839 14848
404 61
14472 11526
2103 7879
11492 14329
15385 14179
6967 14672
3525 10904
10571 453
9263 1607
7492 12426
10154 3969
3581 13036
14222 2346
8254 12675
5036 717
12049 11217
4399 10906
15705 15427
2304 10632
3847 11652
4591 2567
11264 5500
13078 13446
90 5157
13847 7993
1550 14115
4755 9223
10470 9465
1467 14762
14544 14824
2173 5181
7889 10931
9939 3759
4881 6633
13671 5299
1082 15770
11030 2292
6334 4606
9657 8029
2075 5432
1590 13287
10992 10674
14333 12694
13470 7219
2488 10528
2216 14849
12345 11576
7474 2678
12630 9093
9483 13715
9422 6644
1948 5245
14906 8372
14606 5109
7088 287
10753 13933
13184 6066
14411 6410
4459 10100
9369 2359
568 1108
7024 11637
6541 8637
3634 13233
9866 9719
9158 13987
2092 6311
4238 1760
1259 13821
14958 13435
6568 5744
12489 12682
5842 4665
10377 14551
9379 11194
483 7999
528 4280
652 687
7517 15564
8311 15983
7818 9821
3363 4239
6462 14825
5310 11957
9868 10619
15020 14614
357 10533
14256 543
10358 8552
9267 4935
6002 11768
2097 2831
1024 14911
13822 2150
10376 12174
6772 8702
7771 8363
9267 6121
1637 5018
13923 11794
708 2279
6316 8435
7620 11933
10954 9161
6979 11434
11636 15604
7366 9271
13775 4230
14724 2191
1238 7256
8211 14515
110 13520
7229 9212
3618 11175
9920 9461
3828 15894
12106 4145
13283 7170
4608 12134
399 10365
6053 2329
12300 2672
6518 7975
14020 6148
7882 7558
6186 882
512 14909
1453 9732
3679 5553
14902 14409
12494 4027
13162 8430
6111 9084
9994 1383
4218 2217
3734 3363
15026 14983
3452 11135
3143 6738
14144 12112
13911 15389
11973 11821
6646 5099
716 14556
3362 3870
10424 11314
10091 13453
7217 2948
3766 4522
14717 8163
6486 4700
13163 13943
11177 14134
12 2054
1933 6607
12991 9828
8630 12154
11218 1279
6856 2077
11488 8188
130 2712
15751 12240
11882 5221
1902 14193
2293 542
6020 12007
11434 8569
1626 12370
12320 414
5388 8627
582 435
12492 2535
6906 4538
13080 10740
10101 14691
1105 163
6692 8687
14723 15848
13012 3684
2723 4740
52 2241
11222 5099
11896 5093
15548 3783
3880 2522
16 9742
15783 15084
2439 13563
1739 2188
14735 7058
13271 14099
5944 12699
14242 37
9349 14750
13972 715
7186 15876
1254 4696
4014 13507
12458 9113
9147 9750
6248 15898
638 1355
6234 9115
1315 13453
15585 8447
2830 5647
9568 11176
15278 5514
6355 15212
12728 14962
1936 13404
3000 10691
7932 6983
15039 6694
7036 844
2593 14107
5425 9947
12872 1282
14116 14246
15224 12271
9208 15909
10273 998
10674 1562
5066 10483
10496 13897
15528 13668
5888 7230
13680 2004
6243 4253
4036 9005
4249 11555
5964 3790
416 4244
11168 1440
12136 4604
8597 9005
7509 5617
7891 4485
15026 2325
13667 5909
6454 12207
6255 15078
4280 7900
9493 9769
1577 7502
7473 5769
6133 4045
9952 12864
955 6172
2041 14633
12308 13933
10525 11329
4114 11539
15513 4628
8053 14077
12975 7946
9288 9969
6633 5494
14514 3292
14206 2015
13795 2993
2817 10817
14718 5344
7847 5150
11169 5571
996 6128
481 11878
10227 6086
8164 15539
273 2889
37 4231
6146 10058
11655 15353
6466 13075
10469 6366
12959 5807
6220 12790
1690 8771
4910 15276
1900 14357
15848 14406
10948 13954
8817 6730
3546 14318
2873 7409
5029 100
1285 9760
9708 10109
11104 931
9966 717
9498 10254
14535 11138
2718 4813
4469 14830
11906 13139
7829 2980
11321 5311
14355 2336
14851 2602
5780 10762
307 6478
7156 5433
6364 14492
10100 10540
12624 8070
15333 13447
6828 8250
689 1872
3711 10531
14806 8488
8843 1492
13463 7947
13080 6406
14918 2290
4546 4461
5967 5614
13048 6896
7602 5993
4586 11127
13821 10844
12952 9566
7470 12864
14806 6809
2512 6007
12685 14742
6096 11716
9212 5078
8971 2777
13851 14448
9241 8649
15711 15744
11972 13315
13380 7132
7529 8317
7965 8212
10178 7203
2313 15355
10942 3148
1776 9454
1188 2933
12794 10582
6435 7971
10918 3185
9004 8948
7731 7128
3506 2656
8564 5416
13938 6896
13844 4460
8729 2448
824 7130
8884 14203
1675 4033
15999 10226
13798 272
9209 151
7386 10148
13105 6697
2494 14769
7341 9099
13860 2676
11393 9311
12833 6125
4889 591
7421 5137
824 2601
11413 8757
12321 4784
2669 14685
1257 8114
9642 4949
7944 6436
11422 11343
6297 7742
5683 1273
8834 15841
13751 9695
13303 11274
5785 11437
4076 505
6043 4814
6774 5654
1086 8598
8606 15319
6583 5157
6888 12680
9060 1246
301 10723
10647 3256
11870 4869
9081 7051
11462 3499
13549 4386
13595 5336
6779 4109
10592 3077
5303 9347
2851 13124
11309 11916
5845 15663
724 3189
9377 9421
3648 9356
2266 11785
13233 8131
4013 403
8918 12566
13620 6822
15307 12550
8735 10679
2374 14437
10150 2969
9849 6678
8857 3609
12947 13380
11121 11351
15206 8253
4768 14586
9999 13160
3914 9817
10688 14334
8753 6518
3113 14872
1834 1636
2437 11988
947 12983
14041 15530
14905 15700
15547 10622
15427 12709
2222 267
5685 275
10358 132
13085 3470
4428 13856
4312 7398
2622 4444
15285 471
12012 12487
6718 6712
14208 598
3248 7481
14823 3414
15185 4896
3549 12920
14038 13063
9129 13730
7723 11746
7500 14322
12094 4453
12722 12515
10761 11282
14318 12197
1655 3473
673 11450
9347 9929
11604 9552
15256 10946
12071 13004
4326 8964
6548 15160
8452 12713
8696 6035
11128 13667
6988 1208
10693 3090
6135 11487
8389 1531
4510 6285
1422 2322
1691 5598
990 8054
194 3730
8377 7505
7023 11133
13618 13714
9429 6841
113 5644
2426 13126
13859 10562
12148 6870
10155 12295
7068 15589
13615 1623
6610 15492
3500 11498
15295 10880
13930 14944
2192 15340
8879 15570
7963 10972
7207 13977
6270 5134
12718 2808
10680 13019
3014 15940
3995 13926
8524 3105
1625 2983
15263 5532
1596 876
3654 11153
8918 8381
14026 9955
10767 8731
9895 5098
15460 3790
2856 11187
9422 893
14446 6916
14914 8082
6890 2011
2388 6176
13259 4379
6266 9546
1965 14223
12370 4080
9725 15708
5584 1029
14509 6161
6210 4695
4452 8714
11435 10572
2716 5194
132 2288
13234 13177
3690 10270
15511 1456
14882 10684
13056 2494
2083 13281
11544 11229
8519 11031
6127 11829
1410 9618
7700 13614
11977 9859
12012 3989
574 10639
12198 7464
15972 8718
15168 9420
14188 9037
11416 9648
11471 1010
7221 1812
12337 9036
14856 5206
14403 1925
442 13571
7465 173
11927 12683
6439 4236
11978 2262
566 11511
8713 54
9716 439
10969 9066
15201 897
12980 12123
2081 14580
5869 3516
1865 12844
10154 15133
805 11511
14130 8964
1951 9747
3394 14546
2583 3116
1217 12257
5242 1183
3361 9703
12897 8445
10089 13511
11272 5232
11207 12289
9341 1692
11761 13792
7303 8722
606 11051
15163 5866
325 6949
2391 5722
10369 7592
297 4725
3012 231
8070 4521
15268 9873
6839 11170
4187 8404
15193 14595
14477 14529
5887 11243
14753 6559
6645 10266
6870 9636
5926 11322
509 11260
7441 11095
8925 13091
377 8219
12704 5689
13737 11469
2917 10922
7901 8394
11384 1739
2554 12097
10227 10963
6115 11689
8960 12698
5278 15105
7072 7593
8665 8735
1309 7577
11930 2128
8253 1915
7291 15612
15390 9654
10733 4374
11154 5178
2477 8623
6125 11267
12373 14966
3847 15081
4394 13141
8692 2585
11454 9263
14845 8675
6482 3691
15862 2220
6397 4997
8525 14503
2897 824
815 3178
13269 12154
15085 10112
11155 3565
8597 11208
10600 13072
11144 8248
15122 5476
1009 12234
2393 14429
4819 4449
5058 13452
15887 1382
4278 6078
7869 6559
5099 6390
3767 10888
6667 2490
335 907
937 7184
2869 8927
3767 9619
14410 7838
5426 3286
11447 9252
9151 13649
13873 5773
6513 4290
11333 4811
8563 9056
15119 12510
546 7533
2910 2118
10199 2338
11981 11466
585 6423
10744 5271
5041 4434
395 2221
2706 4521
12549 5411
9336 671
725 5472
11341 9330
7544 3078
13654 13717
5964 6429
3153 11779
10627 10872
13567 15618
15350 9543
9551 5165
185 3570
2213 12168
12341 4459
5651 9776
4801 9872
485 5132
2988 4923
13734 1714
15468 10235
15720 4161
11347 634
10238 2978
10772 4075
11934 8616
696 13739
7543 13057
11674 10610
10690 976
4279 12088
14121 1188
11050 2862
12332 1911
9610 6959
13827 928
10799 11865
14363 10583
15127 2679
4587 14277
8242 6014
4454 2955
1348 13716
10259 6826
4360 8627
14149 12753
2409 10089
12415 13311
1108 12633
13060 15401
1075 358
772 2
9149 12099
7234 7379
12065 6275
231 13529
14581 15532
12676 15625
12136 13348
2567 13600
5154 4101
1066 14852
15751 1481
1472 11887
3713 13013
13053 3915
15667 2899
5050 10448
10148 18
10546 11198
7689 9948
10593 15397
9132 2214
2199 11125
12850 11393
11660 15620
12497 5850
6390 11696
1161 12807
695 14694
6726 6394
8179 2670
11525 13998
859 6654
13574 11896
12792 10924
14479 10568
10671 8855
1353 7445
7917 13071
13426 3664
9512 4509
10689 4769
14172 14766
14886 5527
12323 11879
10893 7069
11114 538
14395 13856
1573 4581
8859 7015
3530 14976
111 2575
5225 2881
2730 602
6135 830
11639 12731
637 852
10611 3747
629 3278
5086 9792
9966 13331
3165 3191
13386 12607
4160 12389
554 2413
4705 12783
612 10371
6532 1748
3395 14684
14190 6158
13210 7481
5459 4499
14405 11106
7540 14636
9197 15170
10969 15470
1829 10795
12565 6778
4902 3624
13915 3596
4777 9789
1795 10982
5782 13826
14439 9644
6108 7662
5931 14566
13031 11748
13818 13745
3702 2359
13275 2751
8873 6134
4408 9836
6266 7512
9460 9580
12231 6015
2577 15536
13341 9653
11710 670
13155 11100
11916 68
9603 6329
12370 9336
5369 15090
8263 13001
9897 1938
10387 9594
1811 6549
4495 9271
211 10209
615 2485
7356 11522
5102 15002
4160 10307
4269 5133
8759 15121
5712 2915
9449 11392
3040 13146
4690 852
2315 9779
13576 7000
4216 5563
14938 10425
15713 7638
2587 7692
12301 7932
4484 2777
690 5433
14749 3528
6794 2903
12634 3237
15659 15203
7802 1283
4029 409
3658 3216
12698 11689
5864 14791
15955 996
6185 8054
1057 5145
408 2
5258 2171
9629 9534
14301 12162
9948 3608
7240 14070
14110 6255
14554 9048
12202 11933
9153 14276
11316 82
6038 10295
14368 9078
11980 15118
186 3761
10811 10240
6315 3344
10330 1375
3552 14615
12121 10886
5091 10984
14831 3953
9278 8811
14175 2494
15550 7556
6650 7547
11460 2889
2303 15895
6384 13007
8022 12567
11457 10754
11915 14390
15165 9483
3713 9306
11860 2793
