15389 1362
4628 12678
13104 13250
14835 5459
10856 2328
5326 13040
10854 3749
11740 12175
7068 3723
13096 9048
13809 12617
9310 9845
7626 9206
12189 5337
10808 15595
7103 7169
13007 8699
11263 9505
8356 10581
15147 11266
9172 9158
8679 8842
5214 9930
3046 7841
2397 723
13630 1476
15062 9435
4835 13148
14446 3054
7733 5844
13873 6859
941 11070
4142 3935
3159 1211
3906 14298
4943 11256
9651 2582
14767 791
5599 13305
15699 8746
10390 5821
6878 11489
731 7969
2177 11780
14100 2077
1261 4882
11359 4175
6829 13913
12077 2820
4216 3159
2044 7528
3662 1803
8680 3502
7922 1336
8407 4440
1269 13621
1960 15031
11426 7105
14726 1185
10507 13438
5048 1181
11304 11821
1474 15231
7385 5441
12395 4967
591 2597
7713 10266
2830 13125
10253 14547
7300 3449
9242 11738
2357 3635
13578 5408
10110 10643
1111 13695
8460 518
7830 6308
14195 11483
12140 8355
5830 438
14788 11105
2798 3740
4394 5351
1074 1645
10591 7577
2771 8065
13456 4103
1567 9272
15306 7449
1723 12151
10446 9248
3939 3695
8606 6222
13824 12468
3236 8616
1012 2054
3248 15464
13452 9102
5971 8470
9902 4142
14463 2389
13623 7502
15513 9764
550 1556
13524 7582
12137 13217
8830 6223
9932 5833
11551 10019
11551 12930
15894 1982
15402 7394
3899 11341
5643 8159
13413 13718
14806 9247
12989 10330
5391 14366
4174 10892
12185 5506
1096 6851
3678 6821
3414 5505
1380 10789
13907 8003
8779 4131
3412 3910
13161 458
13669 5791
239 14337
9948 901
11307 2595
456 2013
14069 10325
14227 14229
6241 12915
15483 6566
1650 6477
12069 11256
4227 4900
2257 8537
11123 3421
384 2577
4552 14523
11882 3106
14504 5321
1986 192
116 6425
13976 10353
5372 2276
15344 7415
7609 3835
15196 4391
9287 11656
12935 14252
11116 2329
13919 13854
12988 15907
5407 5449
6500 3328
11003 7684
2880 6956
2672 15848
3449 13034
587 5323
5145 10256
494 7236
8594 4112
96 4934
4123 12889
8521 13659
12326 14255
7263 7388
5738 9210
10083 2851
1586 6857
8743 11112
13046 10458
6528 1494
8131 14975
6123 4563
3165 13426
15221 1696
14667 1341
7441 10816
10722 13410
10812 11078
13830 12485
11760 12594
885 13371
9227 4864
12439 2033
591 6763
5843 3556
12291 15041
2787 6826
13699 10589
7854 5528
3094 9200
12839 4071
939 4452
5286 1508
974 15724
6867 10566
1908 4234
10363 12170
4019 13823
6576 11862
7176 10750
4261 7635
3415 3866
487 3639
3097 6429
8899 6776
1967 15845
15581 2263
9763 4723
9305 5128
1436 6676
12732 3430
682 1546
5349 2110
13988 14064
13293 2469
14411 14736
11711 11013
14056 14064
8957 1474
7475 15746
5478 1368
8004 779
10696 5420
1272 14801
1304 7497
2526 12851
12597 11097
9745 1445
5346 15312
10346 11534
7183 7530
5361 11042
5643 3732
14008 11608
6337 2145
11435 13252
1823 536
2860 6637
8062 10841
4438 9577
5752 7472
12666 2179
47 6102
1793 5979
9915 4046
2067 9556
3628 7628
14249 15735
5492 5438
7734 10984
10616 13108
12558 8554
12627 10962
1791 15364
15964 7453
2219 4816
9977 9066
9202 8108
13551 8269
4723 4773
15515 10116
2173 12345
9619 8808
885 7593
8710 1175
14138 437
7401 13222
11602 11212
5117 1137
3872 14947
5754 9697
5152 10062
11964 11699
12578 7686
10839 5584
2505 9458
2159 7923
8895 2819
4464 15542
10411 11476
6692 2107
15360 10636
13955 14385
4296 1422
7688 13838
13396 7818
4149 1866
6376 9573
13016 549
14192 12676
14016 11613
4167 12553
6295 3742
5816 2146
3361 4405
2229 15002
13468 7693
181 7825
4780 874
287 9283
3282 14727
14410 1106
10589 15221
14374 9104
10643 15045
13318 1922
4626 14561
5225 9622
6966 7466
15595 12453
14608 14638
7713 802
8389 8180
7009 2402
8189 13610
15100 11018
11024 2690
9750 13852
11832 14561
3952 535
11363 10848
5006 936
5277 9675
13062 3780
1795 5913
12686 12252
15609 6469
10345 655
5627 6644
3513 3153
2710 11126
10622 14579
12597 11955
12922 12822
14412 6105
8455 4273
12165 3557
3061 13624
7315 14666
4083 13593
4312 1150
4493 8301
6848 14899
4122 9298
5772 14526
351 12874
2248 2679
10573 15886
11628 10996
13252 2745
3423 309
658 7919
13558 419
15055 12623
7922 6515
5144 2302
1853 1852
15330 292
12064 14392
5303 4972
15861 3548
4926 10833
6382 14174
3377 13456
2386 13567
9414 15589
327 15517
11999 4487
15953 6519
746 9355
762 13267
4761 6834
5907 14723
3628 8865
7516 11606
15051 12958
4293 8637
15153 6021
9079 6048
9669 4483
1836 4902
3997 7789
1640 14078
6841 3262
13075 4952
9866 6743
14647 7634
9859 2667
12795 1103
13750 2907
7592 11737
13556 6689
15899 8655
8556 3718
14594 6739
15658 7818
14223 13609
4512 13814
3530 151
11895 2347
5108 11527
14526 2774
10117 10339
8248 5381
10543 192
14289 4483
765 2861
14907 11187
11146 7924
4648 13750
5210 13276
5271 3036
4368 15695
11856 14124
13559 15937
15120 13350
11003 14356
5520 12833
6969 2882
9452 3757
14984 14765
4970 11260
9258 7677
3081 2424
169 11351
14526 1572
8468 2320
2580 1331
4694 1820
15005 15389
15608 6228
14919 15888
9071 11046
6559 11185
15322 12959
14486 10755
3037 7673
12673 1822
4740 3528
2480 11553
15445 5095
9915 10587
4126 15626
7200 501
2947 11853
1654 15925
15059 4132
3722 8804
5651 4282
15101 11280
9882 15189
2855 2208
11002 8810
11870 9737
5485 7845
11677 1040
8852 9894
9575 14577
11328 10818
12561 4627
13040 15283
13582 11840
508 15514
6629 962
11129 8919
13827 10833
4855 7939
8694 8407
12697 4670
10817 9394
748 10482
1098 4780
11551 14430
6801 9457
9432 4878
3240 3016
7727 3130
14441 11019
3919 13039
7939 10254
14361 12983
9204 3535
1228 5839
15199 4996
12782 1554
10027 9918
8693 7179
8265 6240
208 5129
8439 7191
7564 441
4620 1865
6005 382
15561 6683
15569 5058
1409 1807
14963 11237
10848 2005
962 8141
13092 12253
15918 15004
12589 4588
15346 14043
3574 1885
9119 13035
5357 7576
11422 8530
8249 3399
8398 8241
14647 2577
9611 12411
11737 3994
998 6179
1011 7088
13975 1487
4039 13618
4349 1873
3939 11063
12781 6575
1227 1162
12225 2799
5709 7931
13650 4940
10072 4072
4749 15604
7999 11617
9711 7579
5198 7472
11451 12822
9487 10294
8229 15454
13118 354
9460 10337
5942 6406
3779 2790
8265 11180
2974 7359
4172 12984
1141 15146
9395 12764
15752 13864
1614 5017
9542 6448
2002 12387
4289 9472
13729 7185
15892 11646
10213 12262
8732 4520
8196 11552
6431 2165
6566 3795
8191 11256
12221 11137
15178 2158
13836 13484
7869 6963
81 857
156 6350
11744 7748
10625 12770
4135 11966
6753 15007
3682 5169
6257 11495
6515 7374
11382 5816
10010 3974
63 9469
13883 11516
11714 11742
2497 5864
13048 8604
12536 492
11012 5534
7099 13683
1366 12852
15241 4047
7227 6838
8370 9402
196 9129
2101 10369
2742 11449
2897 13780
4481 15210
2778 13956
10151 8196
14959 14371
5857 5503
6046 6378
6705 7933
10507 12549
2523 6650
4328 15055
14475 15317
2618 10831
12567 12774
14717 6932
11678 3193
3286 4136
14916 1358
2622 11062
8003 1939
13032 9305
13050 14105
8551 10497
2616 1184
2082 9361
9146 11737
15645 14188
5991 10027
10822 7496
1579 730
9580 4262
11151 3674
14536 7470
6531 13356
11317 8217
13360 3157
612 15477
6034 13310
15219 7260
11292 14776
4207 12319
5731 10659
14183 463
15302 14577
8728 13574
14926 6652
5061 11580
68 11459
11986 10428
3484 2896
10232 636
7137 12181
91 9116
4265 6589
9958 9511
11958 9296
2952 3093
4371 15317
10456 8010
15948 6739
760 5527
7918 13058
13914 5046
8357 9336
15304 7498
5485 1565
9724 8636
10167 9696
12486 9051
11413 15324
187 7974
11150 6422
74 11825
2892 15258
9168 9962
304 15588
12259 5380
2541 5121
2962 15065
2529 9939
2533 14622
9991 282
6036 5544
12712 10070
5814 10011
15349 10781
5848 14240
8609 14087
746 11911
3508 10908
5151 11602
9036 7203
9827 10067
2558 14492
7261 5408
3095 13674
8679 6705
12258 14763
10573 15518
12497 6215
4456 6476
5949 12737
6573 10122
12982 7154
5091 387
5754 13297
5988 3314
2767 5835
214 14082
4103 4748
10984 14613
7265 7993
5237 14406
9779 5119
6159 2815
4002 5497
11682 2369
9181 9908
2089 252
13048 8207
6247 5578
9006 3590
7036 4894
14107 545
13654 8843
5201 11400
5070 7771
8973 11797
13046 2598
2683 2166
15070 8389
4772 8694
6129 864
12152 8077
93 2392
11901 1397
3240 2573
6566 3199
386 14648
3496 10850
779 6793
8807 1503
14430 4963
11858 12870
12553 12808
11608 5233
844 13473
3999 929
13943 11183
6490 1870
13096 3095
5371 5132
7258 5582
14366 14409
8867 8257
2474 15459
9739 5960
8412 14496
6023 4243
10408 4199
7792 7020
3068 3607
5467 7830
12582 15832
10678 8558
2176 14078
8229 12427
457 6309
13462 8951
15292 5024
2303 11262
389 2982
3686 13119
5206 8670
9585 4917
3641 14517
15997 14605
10142 10275
3065 15347
14752 6387
13764 2186
10526 1771
3627 5281
6905 7368
7395 10113
9258 9389
11709 3557
9243 14475
10623 13134
10436 9806
2361 1202
11727 4723
363 1986
9402 15136
10628 3769
10762 14553
1781 7164
6299 13630
9255 4582
9222 7367
13909 1828
11149 3182
5859 4676
2912 15837
8721 12097
1706 6434
3934 14730
12419 15561
8507 99
9883 823
13814 15505
15805 2445
364 4863
12945 5674
10323 5044
3582 15459
2829 10691
9460 10161
4178 6183
10888 1749
11413 13714
9703 6480
13504 10578
12047 14536
4089 12890
12792 10154
9026 11845
7661 6791
15039 12396
1807 12507
4414 13983
14569 12421
7960 6122
10428 2131
48 7211
7212 2782
15365 6821
6908 4158
12920 608
12941 13181
6033 1422
12777 2911
1276 14222
6630 15803
894 5803
2174 6941
121 6872
4777 13887
13660 15697
1446 5315
1313 15554
9798 13167
6650 15073
5213 5852
10605 12254
10494 7001
11352 15085
14089 12245
12118 10565
11846 2855
11868 5917
11847 15657
8752 15976
13349 6719
10647 339
2734 11406
13276 803
2891 1413
7754 6507
12922 3272
951 13097
9390 360
10300 10714
10732 3874
1787 1135
15819 8610
5818 12944
10842 9799
9233 7898
13311 6650
9188 6236
7273 6132
7002 12957
6890 7878
3813 5507
2720 15786
9438 588
9726 12512
8416 6061
3259 14432
360 2173
10107 7264
5151 13096
14080 14110
4074 707
8956 2519
3481 11396
1462 14369
9529 840
10893 344
4559 6239
11305 13074
4758 3876
13881 10770
13076 7028
935 1952
136 7893
11645 5541
14172 1543
1455 2899
11015 6436
6712 1633
14274 6424
15773 97
5887 12158
12169 9117
4375 11551
10812 11648
7210 1480
667 7941
5230 9426
8811 9265
12785 12726
1582 13372
12680 2229
4185 8733
6028 6138
6437 4192
1816 4813
14601 12421
15838 12219
4427 9372
836 7830
7821 14168
10740 11346
2587 15732
15511 5097
2901 14033
9388 9442
1156 10201
13428 14556
8334 1672
6742 3732
5801 2001
4727 13487
3127 12928
14390 10117
6067 7618
15447 4541
10297 8167
5944 9602
1082 13478
15365 1399
8342 10405
12576 8665
3990 14618
3485 3971
9429 5658
9984 10642
7832 10394
10528 15367
11249 13934
8635 8436
15124 10957
13151 14260
779 11361
13559 4441
5581 9378
1100 9730
11496 2707
8953 15062
11364 11109
1027 15913
13162 443
7271 7099
14640 10479
4557 5446
5076 7661
5739 10621
8599 3390
14387 7982
4334 950
11981 6447
537 15864
6542 538
14980 1226
13426 2866
14842 13188
9375 2916
9970 6982
6442 3149
15104 7109
84 11312
5285 13667
13574 14843
3694 5163
6181 7988
6269 4642
7540 2714
10431 14001
11062 5285
15337 11001
3376 6104
6342 6213
5483 10011
6827 7444
12954 6057
9993 170
6406 14077
2317 1453
9382 441
13311 912
7370 12056
2636 6445
12635 96
5280 11125
7641 12255
1178 833
501 2012
13371 3516
5799 7557
4055 6820
8253 1571
11275 11759
7477 2966
1883 7022
11778 12005
15704 3787
7190 506
5429 7278
8680 5527
12137 14737
7050 11176
12582 7836
11135 3658
13676 8313
12204 14666
15418 284
8936 344
2034 5184
8377 6024
11829 1096
784 14047
13090 5679
2344 6909
4763 6987
15538 824
6235 2560
12448 14706
10292 14832
15796 5982
1307 9395
12766 480
1106 5734
315 10731
10798 5140
322 15034
14788 12589
7675 6874
4593 7576
13927 788
6484 6437
9048 5415
4105 15733
13728 3683
14556 567
888 932
13230 9764
14037 11276
467 7878
4288 7092
11957 1527
12423 1703
6188 11184
12683 4889
2474 8447
15737 6869
4707 12034
5964 115
2553 5241
14861 6077
13897 7880
14624 4947
15961 8433
15089 11760
2669 13477
4780 6791
12204 10427
1617 271
14684 15451
15139 2073
12557 5154
13949 15183
1152 6647
15531 5134
13286 9608
13675 12138
10120 4598
14984 15914
13567 5364
7337 9061
5551 9294
7047 10522
12214 11865
256 11380
7101 2026
11851 11234
561 941
9887 15772
5562 10219
7810 11191
10985 193
6984 11697
11696 14046
5952 12616
7358 3757
9269 5869
3013 13761
8094 10829
1132 11136
12674 4506
10115 11908
12184 7005
14677 7587
3096 13701
5816 2762
11140 1687
9211 5166
13211 15224
5301 11777
9510 11733
5549 3510
2587 1415
7833 12213
1510 15097
4975 11639
6358 13370
7879 11833
8085 746
5996 10856
898 14515
12858 10607
3015 5642
6295 3315
12950 15275
13799 5179
13942 5258
9198 2887
12531 10955
4839 14355
1477 6649
3424 5465
7682 8038
10587 13583
14255 7642
11401 6230
12056 7961
7056 13509
7357 15663
14839 14586
11068 6211
10149 14845
5366 11747
15116 7635
7435 8742
4258 9818
2173 10663
6082 5390
7220 6464
14761 2641
11172 6877
2030 13778
88 13978
11417 2617
9997 5637
13530 4251
6542 3307
206 4829
7023 1014
9985 15779
8156 8922
4848 2828
10935 6425
10443 10993
14654 9854
2511 12715
13193 11287
59 7109
12311 7988
4100 13166
6003 3597
15239 10797
15733 6373
11973 8592
9112 2758
11420 15109
14676 5335
3114 3911
1541 11295
12060 7931
4904 1309
15022 2569
1473 5254
7708 11835
577 10775
3053 3611
162 5336
4976 15961
10092 4796
3394 15497
3923 15800
6707 2211
4424 6959
5254 966
14116 11353
2121 2326
12542 13378
8825 7614
6076 1851
7006 3663
6068 6249
4518 13917
9986 15554
4891 12156
6700 3515
7117 15628
1511 6754
7120 6622
299 8337
13758 11194
13063 6155
7040 8523
9923 2315
641 6664
1835 2793
12435 4560
14215 8781
11130 14516
8478 10531
10247 7952
11440 2769
3809 6124
2688 13400
573 6194
7917 10285
11035 11756
6423 15163
2599 366
15834 9668
6163 9464
10104 9079
14728 14162
523 12501
6128 11185
14266 11413
10925 11382
2508 4395
645 12167
12093 13685
10582 13328
6019 3116
15381 1589
10742 3238
9273 688
1861 5876
3671 3221
4925 12715
7330 6039
10723 12533
2037 5906
7147 9669
14963 6918
4371 14315
4412 1970
1564 6336
4328 1262
2841 12540
384 7445
8814 15736
6079 7782
6433 3696
4459 15601
3952 9250
15546 14134
6310 12133
497 3646
3537 10575
6059 8953
9484 10570
10408 11944
4922 4368
6517 2877
2920 11610
6360 11095
15763 8651
8232 12875
9071 5656
13994 12318
8764 6136
2816 10901
14925 2674
13448 216
8001 15874
10455 2998
2102 338
11949 13170
11974 5056
15083 14088
14271 10460
9377 8786
3986 2268
12675 12408
13318 13971
15527 3347
10881 11663
3805 3662
3161 4855
360 14843
10417 14548
13002 10970
15085 9419
14778 10555
7836 14295
14412 2119
13214 1718
10498 5299
11661 15298
13599 14784
14478 6372
4748 13412
15182 13926
4710 5881
9232 12118
7010 8820
5853 13883
9865 5768
5727 12521
7 8649
1712 914
10491 13514
7231 1907
5202 8740
4682 4592
1966 12759
9791 15927
13012 1207
5009 6752
10129 6515
3410 7593
14023 9928
5314 11724
1275 132
12692 269
10008 6720
2409 4974
14687 1766
261 9843
2789 844
10078 10343
15471 8595
12588 5287
3285 14746
6652 8449
7820 9526
6840 10834
2668 10184
13993 6726
15169 11343
7481 8802
4639 987
4400 7172
8415 3398
15560 13950
819 14868
3353 4679
3984 800
8010 3796
5668 12976
11296 1133
9845 4970
11525 2340
3958 1719
3256 3200
4218 1920
12885 393
10580 10963
2743 6811
12966 2593
7238 10120
9005 14149
3963 3079
2720 12798
1254 14102
3610 14925
14644 76
15882 11893
9893 1509
3999 15917
14166 6390
11862 9135
6696 12133
6758 9210
1808 3815
8459 11844
6324 14815
13425 8784
6812 12202
8869 1771
5438 8609
5171 13327
11195 1243
7595 6541
5314 7071
15109 1444
3708 5025
3644 2749
13625 4667
6124 14904
9180 7250
57 398
6800 8399
15094 6052
518 6386
15559 3147
10804 1099
14890 4224
2477 15103
4981 10948
1333 9076
10890 795
151 11797
12522 9061
13397 8248
1839 4664
3224 11175
7610 8142
5863 1947
3834 855
8389 3185
4541 12039
8178 3491
11648 8410
8874 11727
12173 4425
269 5665
862 5457
3403 5555
5171 10099
13452 10056
15618 8363
3134 4760
7790 10461
8289 11970
7192 12787
9861 5414
3578 13160
14073 25
5377 15238
8083 12758
4041 12191
2150 7728
1515 4023
13816 14811
11558 7608
8853 14488
2912 4386
1243 11070
2017 13837
13145 7292
12231 3156
1807 12264
8828 5536
6310 9377
13685 7640
3049 6870
8773 13374
10498 12692
8523 1158
8087 2360
2981 12575
4500 9602
14017 12368
796 13754
15120 3428
13397 15705
12436 2892
4652 367
4478 6956
6754 10359
1015 11720
10342 2556
8566 11975
4215 12062
12901 406
12536 12017
7721 3432
6307 8018
2465 2102
1150 6990
2442 7631
1582 5396
3373 947
3683 9057
7375 2964
3948 2650
2748 7563
3784 7096
15268 12993
9934 1475
13793 2078
4803 12220
3602 1116
15623 10013
2439 10124
3637 3554
8298 11767
6005 10604
13547 2929
11163 13384
14246 9094
7165 6713
12245 6099
9693 12497
12173 6397
1134 3719
9273 821
11652 13685
5619 5392
9873 6884
11568 2898
836 6230
13925 6639
13637 12772
10945 115
11182 219
8950 4221
899 2227
2435 8032
8501 3023
1836 15772
4917 1397
5137 7645
4233 10609
9231 15546
2747 1905
4700 4651
12150 6711
12549 3047
5157 5067
13546 7488
10614 10912
4032 14149
2456 9974
1742 10329
10494 12317
8622 1190
12501 11367
2160 15515
3843 9138
12220 2702
8500 4297
10681 3458
14259 9785
4751 2823
5720 6115
5895 3528
11168 6792
13012 7706
14746 1125
11479 6201
813 8513
3188 6227
8849 7156
6731 12648
1222 9623
8291 927
721 12508
15268 11840
11940 2187
1241 3104
4102 2758
1530 11223
3468 6234
15416 5363
10368 2651
5149 13449
3961 6842
8036 10918
8224 7257
4124 15254
14890 11923
6151 14023
9789 12095
6978 14939
12685 10353
14476 1946
15323 12052
1828 12381
1207 771
9661 13545
5967 1511
5315 7122
12012 12600
4531 12098
5042 5510
520 1379
14216 2699
7133 7420
1335 2914
14130 5406
15613 3911
14382 8108
908 11717
7607 11316
11994 8045
2459 10683
15718 5471
15525 7145
8453 13539
1002 10348
259 11761
10536 11081
14422 3998
7708 15130
13395 13211
7777 10999
11002 4480
8199 6789
13855 2959
2023 8866
13900 6129
11376 7313
6947 10138
12245 14387
5752 6470
6892 13169
796 2544
3061 7243
11805 9244
14696 3159
8668 6395
9266 4106
8425 9885
6540 4423
14450 3286
5367 10197
341 15256
5725 14232
9125 15041
15211 1341
15387 8880
8541 8365
7854 3833
1515 4386
15134 2913
1383 8423
4471 2649
11789 3331
10723 249
12271 10757
5134 13656
13964 3447
1505 560
4730 14422
7987 6410
9146 10537
2418 13459
204 13661
11633 6646
5565 14860
3116 7539
6918 11423
10328 14157
1297 7386
4154 15100
8484 11244
11241 13898
11031 14796
12609 14809
13438 5715
5998 5522
11591 12318
11783 856
13551 2424
4069 4265
5342 12806
1008 5015
9562 12376
6403 9717
15666 4300
15756 7198
10882 15396
8393 12459
14454 7152
1426 962
5254 11321
5958 960
1861 8269
151 9919
14898 5917
14120 323
5212 12233
1749 7215
8601 11695
12581 3642
8846 12757
5218 8347
2101 5841
8364 5134
9996 7261
3190 14196
13053 6098
2156 10640
3028 15206
7724 15319
13251 4576
15246 5991
8897 12878
1291 11835
4319 7628
12505 13244
697 10728
5618 4275
4390 13219
1602 14347
15 10635
5059 13625
4692 13174
6950 12708
7711 1154
4088 12299
2963 7007
2305 1734
733 2805
10217 5525
10594 1959
413 5004
7825 568
3608 13991
8693 1287
14067 8262
2119 14332
8670 9291
239 14916
5206 7240
10208 7256
1936 12673
10688 14555
951 1684
13028 5489
15645 442
11283 13773
6173 85
3754 404
15302 3806
6403 765
6366 1403
2534 9020
1397 11389
5433 7560
2982 731
8432 3089
9323 1626
6386 3324
9519 9532
14189 2715
3 14931
15343 10198
13908 5858
6249 7957
2187 1249
15071 2907
157 13493
14738 13191
10157 15716
5129 3571
1626 9777
4419 50
13380 317
15219 11140
73 2880
13524 96
2342 9845
8732 14443
10771 15284
11890 6913
3970 9132
5959 1646
4225 11006
3878 4020
14009 2829
9553 14359
14483 13665
15454 9047
3648 4628
11982 10504
11411 12778
13028 13804
9180 10738
13496 4593
1072 1706
3644 4298
7220 15508
8562 10238
4756 11884
7902 766
7211 681
8246 8987
1123 7106
2600 4217
13615 2879
11660 11088
15211 6451
5023 2956
13887 12846
2047 1375
15445 1406
5091 8530
775 3744
6770 15308
15007 14871
13118 7736
15124 5167
1034 6641
4156 12851
12160 5157
6846 14750
9259 4804
11468 6629
8768 1416
9813 5219
5789 5844
6899 3734
14668 7121
3419 6339
12230 11996
1199 7360
11304 3037
7991 180
6862 9748
9040 2477
3926 10356
15133 2353
2771 10365
144 1051
7629 1590
7445 6932
12898 12912
13364 7
4926 6131
13649 3259
13947 9477
11815 3906
64 944
8913 15985
2088 7503
3302 11106
3038 8896
8383 5699
9778 10232
10121 14598
9557 7293
2787 14402
12875 12750
8165 4349
11078 6856
11371 4541
10541 10553
862 11024
13393 14081
13818 9801
1423 13163
12703 10416
6738 3868
2589 13951
13663 15934
8333 2337
1553 6853
6360 1898
2040 7125
1655 9803
12606 9305
7696 6663
13884 15096
2213 5445
13217 8520
15436 4785
4382 6247
5671 278
9637 13267
11473 5876
7399 7821
14266 10195
9007 15627
2168 6154
365 4611
1994 2636
12491 5111
4290 7495
186 12796
8300 13445
14908 7253
8133 9240
15849 6041
11913 12782
1281 9708
8363 1970
4502 9026
3817 14691
14849 2704
7077 2537
14910 13997
11174 7738
2897 12546
6202 7152
12056 3682
6552 10619
301 5258
9245 11490
10367 12782
855 15872
13877 3328
1676 4481
11140 5938
2035 14804
7159 11963
7808 5049
9186 2827
665 11517
2571 7744
10248 8079
7400 9530
7930 15323
8716 12052
12398 14055
15941 3632
738 3780
7774 11821
4803 6345
10092 9032
1807 4498
9107 2577
12671 2954
4966 2439
563 2741
9698 15083
13008 9515
14519 5897
1281 7076
3400 3179
1312 11664
9631 10468
11051 13581
10322 9518
2047 14111
833 9104
13414 15923
7126 11967
8750 8313
64 15056
982 2090
12737 8566
14079 11267
13211 2452
5322 740
15019 281
1172 11727
7703 6630
14406 9280
6378 15351
3960 11694
3516 9982
10425 11844
10615 5152
14428 8287
13786 14338
11236 1943
2542 10698
15030 6064
3780 253
14814 387
10291 8989
9276 6396
3421 9829
7244 8226
4951 9078
10896 10226
11924 2262
11839 2280
12328 6133
3158 220
8218 6186
8936 15621
11385 6528
8908 9318
9754 10810
5163 4409
12339 8868
8137 4745
11513 14822
7337 14959
15395 3928
9813 6077
3237 3612
5141 13145
8261 10336
4505 3269
4645 2864
1624 10341
11897 10203
15543 9354
7248 7815
8367 14705
7992 12222
8163 14297
14784 2637
6520 9880
10403 15674
3287 7285
13916 10334
7452 785
9851 10918
9587 7616
4558 7702
11081 3016
8694 10557
3186 6789
13657 8741
14087 5479
14122 14683
13508 2194
13228 5519
8439 15248
10566 8734
13630 1841
436 15976
11365 7745
2800 10873
5327 5548
2423 13163
3302 12322
4888 2307
8989 9584
2192 1116
10686 14672
6939 11003
15869 9074
7053 7514
10688 15035
10096 2242
7826 7577
10606 2637
5136 9432
3289 8180
6252 8098
8092 7663
9596 1670
12638 3403
14049 8752
13516 11910
587 579
15900 7004
3281 11375
14069 14516
9031 2979
8953 5162
2129 1182
6796 12377
12788 2023
15091 14530
13495 2912
15839 14383
10894 11559
6636 10342
14127 9261
2295 6111
1122 5908
2907 13088
7561 321
5377 476
10447 12627
6716 5255
15694 2162
5887 3710
1790 7972
788 14878
1084 5671
8452 12855
1934 14209
1292 7007
8638 10177
13323 9655
8321 6922
7589 6199
12124 10505
10874 13000
11260 8293
11972 4350
15250 9294
6972 15203
1679 9099
2908 3356
15993 15230
13186 10793
10412 13083
4574 9305
9365 6123
3032 14837
5307 7449
15953 13331
2208 9403
6246 1836
11672 6501
14362 5939
7811 9512
1934 14341
12786 6554
2806 12893
12124 4661
6769 15440
688 14835
4988 1212
12406 15047
2689 9650
3134 15376
9877 2546
9551 7332
15627 6186
13456 5868
6179 13440
11720 4017
5344 5588
9719 7238
14395 9683
10227 13833
8234 13737
6480 10763
8515 12029
1264 9043
11948 11557
903 11279
4266 6083
333 5242
1419 1433
13721 7691
8159 2969
4101 14528
11904 4970
5459 11063
5743 13602
13948 1326
12006 1149
14964 6269
531 9256
1271 4154
13901 6388
15944 12147
12437 3299
15402 3974
15194 15350
12021 13303
12840 9744
2184 721
7374 2401
2402 14514
148 13131
14075 14720
5506 6434
10332 13361
12464 11552
15110 6052
8285 1777
15093 6039
7806 13194
12151 2101
11510 10160
9880 290
7105 8955
6023 11005
4060 2718
4860 9164
11651 258
2120 4863
14835 12995
8311 14061
3795 12047
8731 4433
9195 9559
4358 585
2293 12860
10188 7601
13753 12873
5475 8099
13770 1311
10321 10775
5251 1298
14704 6387
5071 9039
1751 4749
15453 8176
8395 6147
3598 3148
981 7729
12653 8906
13069 5375
8 4751
547 10600
2484 2614
15538 2297
1695 9551
10657 11062
10101 6610
3754 1064
364 588
11585 849
5459 11068
11185 8022
13330 10168
147 15366
12085 16
13538 3613
3931 10657
13514 8355
9644 6174
4205 3913
11868 8210
6031 15604
14958 11242
12636 1197
14662 6851
4429 15686
14740 5772
14449 14063
13037 9078
12451 5929
15212 12661
1868 4108
9550 14574
1747 6041
8364 658
12161 12020
5735 11330
10325 15262
7313 4667
989 2236
14621 7631
11669 14693
3030 7062
10989 14658
3718 8197
13101 5581
8095 9909
8459 9296
14800 5134
10662 15977
8178 14571
3496 0
12264 15343
5902 9038
10676 9054
11415 13669
9782 10990
7590 11404
121 11197
382 6234
6176 14442
532 11224
8008 11773
1347 6186
14762 4389
12792 11718
7362 11834
14094 951
13493 3434
7978 6297
12117 15668
4904 13091
426 7745
622 11879
9543 155
10305 906
12627 11907
1147 515
9526 3345
8795 6967
6478 6287
3280 13412
7330 14096
3640 2591
4722 11244
11964 7200
14114 13709
1339 9267
13058 8265
6294 8351
1341 5376
3311 3548
3842 8627
4467 8877
285 1164
1788 13369
1205 12386
14892 13951
15234 4666
13197 13251
6697 15685
4989 5795
3857 3665
4599 1728
3537 6059
9252 9425
11282 6577
10564 5412
5143 956
14165 2569
11454 11043
4271 7894
15243 1015
8636 2836
11717 7209
10200 11603
11659 9654
1916 5431
1900 15868
2947 2185
3582 1463
15816 8861
9165 1229
15644 14651
194 8733
15337 15718
7077 7899
5816 6831
4423 10679
9227 13655
5176 9756
1096 4760
4997 10250
8643 10534
13128 9343
3024 9497
553 8901
3127 9378
11118 9463
5257 13716
571 2047
4628 14841
11929 8750
11153 3162
1267 11011
8224 3185
2083 14102
4071 5299
8622 9145
4583 9375
5233 6467
12713 12699
6237 15794
3525 13372
13363 7534
7378 2721
2028 6804
6775 5993
6431 74
1597 6865
6038 264
132 1095
9188 8025
12192 12912
14436 9372
3858 5971
6603 838
8996 11364
9099 3779
11161 4804
9593 9856
7417 11845
6156 6621
4568 5943
10484 10368
12089 13437
14348 7980
6186 9771
11697 6473
13615 1588
7871 11353
445 1609
15789 5209
9573 2748
6596 8615
14551 12374
4374 9299
9689 12816
13363 11318
3342 1716
14813 14997
3371 13097
3215 11803
6107 1807
1427 15003
8382 12428
6172 11249
2912 12866
5966 2140
11190 2648
3875 15524
5466 11587
14880 5074
13253 7108
15924 12900
7537 9853
14419 15560
6418 1406
15296 10095
1456 7436
11590 10771
3164 2743
13985 4653
9268 1442
7486 8145
14809 14665
4873 3011
8095 8762
10625 7020
12838 11031
6904 9885
9998 7928
10098 816
1427 5746
9107 6303
663 13317
12098 12005
12642 15350
7148 5013
3132 379
4523 8184
4038 14052
3550 11282
14766 5737
1861 13880
2334 6602
6748 7547
12608 10983
15212 15850
11765 15738
5941 12318
9564 7633
8803 12394
3138 12777
15784 7854
1482 15630
4343 3395
12015 14481
11322 3759
4771 6765
9376 8971
11116 10363
5647 310
9834 1854
5092 13846
3330 12168
1041 12632
2099 6949
153 5904
15073 12122
2161 10285
858 8375
3308 5800
6180 4629
13105 6848
15598 1161
11135 11615
2592 4707
8910 12015
3179 13861
5736 1560
14700 12399
1506 4234
2603 12057
15105 1825
4709 3267
5935 9233
7459 5660
12040 15580
13232 2565
7519 14424
12370 10739
5086 14879
13843 8987
6036 11191
7685 13564
10271 5604
12324 5951
2491 3028
15778 7822
7584 9066
11170 4164
2527 2087
8591 6184
904 3800
14345 5134
7165 4528
8744 13100
4842 8589
15405 7961
9497 121
6608 3322
15953 5170
4380 12286
4965 14177
4878 4277
5679 7298
8780 3845
2521 12867
8984 10524
13470 6539
12377 13350
8345 9715
8203 7322
15975 7311
13064 8093
14854 8118
2460 7772
12249 7054
1340 15679
8437 14231
11066 1979
9609 12730
14338 9640
978 5592
1075 7939
13533 6859
15725 8153
1759 6349
6390 12581
5953 7679
11233 10168
13804 4588
10220 13603
2655 13692
11111 163
9592 6312
4605 7396
15510 3901
10958 479
433 12752
11785 15410
10158 3770
5936 15688
849 2322
8114 8243
2124 5577
3838 14302
105 10341
13603 3608
715 1478
5847 9527
11918 3301
11913 692
13330 792
533 2355
7094 4588
3448 7623
14794 418
15528 9435
12503 10590
13895 7282
6645 15244
2125 7584
3943 477
7870 3905
14867 14129
11337 3355
2760 10374
10395 4856
4159 12068
1758 6375
15362 7244
13565 3477
6918 12814
10350 2848
1097 6832
2789 3863
1357 15528
9811 6134
2597 5910
14816 165
9010 5311
15606 14593
12246 9617
15657 2372
12632 7064
9150 2609
14965 4899
10279 5205
8997 8051
6824 1751
4894 909
7317 4787
3450 5829
12439 1597
10253 4855
8656 13560
13013 15557
7030 15423
14391 948
9602 2360
3278 14760
4821 6258
12383 3043
212 5214
12387 15432
11033 9578
14729 12629
11808 7560
4853 2411
4439 12144
6781 6435
1038 2340
15969 928
7229 1718
6564 9911
2856 9054
10164 6769
11788 6876
1007 13057
5561 9035
5309 4225
8874 6222
12456 11054
14816 292
14367 2778
7039 2041
1237 4342
14931 5574
1448 9417
4384 7659
6111 8081
6772 10695
15613 10507
9772 6705
15358 13786
12320 13867
3877 15036
8557 1751
1538 14360
7724 3322
5366 575
1773 11915
3539 8540
2557 6207
10529 1095
293 12042
8368 8940
3980 1880
9162 15442
9056 1230
9032 3657
1436 6551
14733 13127
14189 13088
6789 15792
10786 4395
488 5580
15979 3931
12641 7844
11889 14252
2538 975
14876 11339
5068 7504
2987 13807
1542 15766
5602 11423
10850 7097
8877 10651
14419 13753
1749 12124
10441 9882
4656 3140
4371 12466
2624 4398
8310 7088
989 708
682 13500
12210 10878
7437 12772
4592 152
13128 7479
654 3781
6415 4544
8935 13205
2398 10520
7686 13352
15670 5531
1834 9957
5578 10333
7823 4318
11573 1241
10396 7145
11717 8358
13442 3635
12464 8939
2571 9773
12179 5393
3945 11903
10244 1602
5605 9168
3708 3249
4353 13363
8273 7141
12424 5674
6885 1487
9375 11696
14213 10436
8921 2182
3023 11747
4545 7692
3390 1259
6537 3445
13888 8375
4794 1907
7186 13597
2540 12147
12241 8733
1067 8721
939 8048
12120 11134
7969 6803
11392 10686
12916 7159
15443 12926
13427 8754
881 12257
12586 1677
921 11273
14268 3623
13766 13280
13143 14885
4281 7445
3127 976
508 10867
516 9115
10450 11989
7320 14920
1056 15950
3660 667
14074 837
4995 2513
13067 2030
14602 11587
3065 15189
5436 10464
4718 14457
8632 13893
131 12598
5173 3427
1982 15867
2599 13595
8296 4791
14875 7522
13310 9673
10752 9901
5236 2671
9350 12251
15994 14663
4715 9066
3710 11238
6671 13322
996 2583
12906 15827
7920 58
10984 12728
15392 3264
13876 11357
4081 3330
10587 3057
6605 15723
5257 15446
3743 1730
9863 13342
6768 13855
8998 4350
3403 7745
15396 12723
10911 2035
7006 11315
2139 11609
13724 10637
1290 993
13526 10357
6521 1514
13013 14343
4168 8308
4295 5752
14730 12668
5923 7695
12744 6754
3518 14720
15552 15914
9599 1868
11165 6547
6211 6516
13598 8535
7459 1275
6909 11425
8369 12119
4917 14215
2240 5883
6682 10695
15846 9065
13468 8072
6234 9606
5502 15376
10253 7474
14488 7501
3687 4816
7067 13023
13407 1943
3437 8024
4517 12287
2950 8216
1775 2881
10185 3581
15918 12847
13779 15203
4356 14831
11689 7789
3305 209
1242 1817
4986 9900
865 2250
4040 4317
2927 1316
15895 7932
12623 5495
10942 3339
5608 2745
9815 14598
14688 14076
3435 9525
1667 14405
15603 9193
5533 13067
11827 5047
15751 11529
15350 7703
9249 4557
14424 5094
4039 2477
11466 2808
13914 4957
6017 14657
5771 8170
10370 14289
8464 5068
3829 1483
3949 11503
8834 12057
1673 10851
7872 4017
4898 14560
4247 9475
136 9826
2605 15814
1003 8168
2648 7834
12768 9328
4172 13141
1234 2100
7265 2219
7819 2188
4747 608
683 13608
15267 7072
15969 1646
11811 15611
6258 7798
12181 11812
10715 10186
14684 12615
12384 5715
15051 11127
7219 15084
4358 2374
8927 9644
8801 12745
14648 8900
574 11800
5274 2530
13848 1879
9268 2415
910 12300
825 14116
12156 6129
6947 13280
9857 8235
2745 5984
9484 15944
4831 5606
10132 1828
12723 4666
1294 1660
12093 13155
14510 12318
1668 3815
11178 3757
8839 10754
7471 4909
15298 1549
15468 3841
13678 4686
3315 12434
10835 5781
14038 11012
10179 3486
5825 7220
4786 7377
3058 4936
4070 2134
9777 6138
8914 1666
8858 15913
13059 1509
12045 11845
6643 13060
14944 10473
1672 868
6955 1342
3574 11882
5742 7071
1676 908
1293 1647
15208 11080
1716 8868
7596 1316
3051 13267
13726 3174
13303 227
12871 10829
1707 4983
1729 14202
10699 13320
8884 13664
7758 15759
8976 11088
3818 7412
13756 4138
3799 9749
11646 4301
9668 14727
6285 7078
10973 10416
508 1336
4947 5029
9164 14099
12824 326
4550 2797
5451 1645
12503 856
12738 4419
1690 8900
2661 3187
11464 15307
6307 3595
12346 2925
14979 5742
1870 11754
14611 9210
9580 13793
7987 556
3248 2025
1617 14029
5187 12671
2083 6197
4109 14713
13022 11279
3797 3758
13086 10529
5580 9985
5039 5938
4892 12912
1817 8338
3305 10055
6271 11271
6015 8514
7944 15238
1110 1757
6750 6120
9818 1727
15616 8963
3800 11984
2744 3487
8264 10021
15839 15095
8433 305
2485 11626
5068 14404
5327 13215
6291 13394
1510 8709
8903 9035
6687 13351
2071 6192
13598 12034
15943 9389
8803 4077
3508 273
12674 1952
9566 11958
8979 1941
3818 8913
1726 12660
10843 62
9531 13156
2754 15136
6679 9326
13264 12693
1978 3111
11472 12142
3432 4752
3284 322
2296 4354
4518 4614
8152 8000
8632 724
6129 8772
9764 12173
4525 4470
6114 14879
15505 15821
6999 0
9696 9215
7084 1244
13352 10317
12873 4624
6455 11258
8997 7257
7421 9287
2760 11317
2796 15658
6670 8051
12478 76
15579 1322
5487 2877
6858 10526
12717 9785
1455 2338
2983 1504
6252 10645
13627 8670
9751 3441
11553 13867
13051 2032
2649 12730
8367 7884
72 562
2086 11883
11867 2608
4149 7184
4204 8470
11013 15850
1711 2453
6486 8127
15288 5033
13554 7121
13340 3448
11446 5536
7352 7448
11444 13388
14404 15351
5522 8738
13331 8606
7843 6275
14828 1315
5050 1457
7881 1053
1112 3712
2170 8066
15198 10550
5758 7660
8996 4920
7833 10497
10325 8185
1084 10388
6338 8537
2733 4208
3321 6385
2962 6622
11080 245
2975 7592
10861 6735
12288 4396
6296 11163
1371 12355
14076 525
11334 2435
13933 15025
6036 2770
2960 9471
415 5683
7313 9832
3047 5024
3758 13497
646 8164
14479 6026
4652 4285
9440 6256
8142 6558
11229 7828
2530 15677
6351 1902
15842 14647
10093 12283
6239 15570
4420 13508
14172 10189
1883 13177
9907 1317
12471 10944
13154 14822
2714 9243
8667 2692
11111 15648
1966 10922
1045 5205
14956 864
8031 8180
13249 11111
9013 13599
8205 2535
9702 12350
5629 9734
15316 1052
6 1785
2383 6422
3904 14445
2512 8120
5425 4217
12527 7543
15790 7736
3565 13083
2570 15578
7596 8171
7002 4967
14494 5079
11027 604
10744 15440
6326 14668
722 10980
251 867
10649 11776
4820 223
645 3925
13238 9692
5021 14494
1026 14329
11860 9657
15045 5441
6714 14302
8064 8758
10732 3594
1477 8190
4424 10583
787 14035
15691 1302
4141 1361
3281 1372
9646 10270
15647 371
5576 15338
9457 7866
8311 11452
5856 12895
2306 5449
14167 9316
15185 16
8063 12605
5625 4481
10763 5469
3985 4609
9818 4104
9387 3489
772 4161
948 15637
1353 1260
7928 15837
6256 6752
7111 6200
11702 9541
15454 8257
9015 11344
4083 7432
11958 5509
1992 5335
2282 2416
1331 4498
9561 6522
5055 7432
13452 6961
15114 1364
5064 988
4010 6660
15569 4720
7536 10165
14857 4418
14522 3959
8958 9832
9171 6327
1309 4150
6658 242
7020 4704
7849 5659
14205 2324
1030 7714
3586 11743
9833 10559
9156 13673
7692 9691
13892 13354
15039 10961
7364 12292
3102 11393
7642 4022
13588 1683
2944 5922
2206 7082
14729 5145
5288 2186
564 10785
3527 2600
13075 124
8911 7493
13071 15918
15925 2841
3023 1193
928 2953
14623 5924
8578 14497
1078 14649
12889 6599
5680 8095
10778 3183
12643 15839
10725 10660
15439 851
7161 2199
11312 14392
13334 13488
8162 3236
6516 14975
11425 12125
4661 9269
3319 1231
3667 7936
2702 8137
6522 13953
14895 9152
14860 5857
7335 978
12806 5987
3519 6594
10358 777
7580 15499
6151 15245
10996 6075
3625 15851
15278 56
15369 2757
5494 14809
1722 6090
6261 7050
8314 6826
4256 10825
8783 4988
8160 10220
9912 15399
5280 8865
6422 9257
5584 2038
7549 13708
9869 7897
13485 190
11256 4643
6091 1224
7282 2867
14171 8962
8965 9431
12989 3091
12311 4
4574 14892
2543 7417
7767 1676
3466 4155
12812 5536
14229 4964
14093 13266
15535 427
2856 9595
4838 10494
8693 6141
12920 15553
7668 14042
5911 10363
13745 1751
2139 2268
707 8548
8931 10016
15361 12861
7437 10711
11917 13852
13541 13857
4110 9342
1566 4468
2826 3031
11439 3790
13789 14639
12475 15402
14312 9084
6806 477
3048 1822
7464 12528
7032 2905
14368 2036
13405 995
15978 13230
11735 9314
13196 6330
1316 1595
7813 13512
15977 3797
3516 15371
15996 15796
5325 8668
4763 83
13 8853
13291 1818
3759 380
169 10052
11722 15861
9169 4500
12746 10666
9722 8591
10485 3111
2703 509
2678 7792
10100 6912
3092 139
10429 7809
1475 10368
6796 11369
13682 1708
11968 6475
6332 4869
10983 15749
2939 8484
15853 4781
2943 211
5018 5095
8909 2762
11750 7441
10634 8601
14493 6909
8613 3010
15818 13931
8622 10673
3387 3171
1679 9033
8751 11926
10 4969
13597 5540
5385 3728
7833 1628
8071 1812
15647 13784
3482 13082
1647 1835
4686 7372
11099 4508
7134 6833
1804 13306
13151 13566
1978 10535
15563 11451
11459 12714
5486 9649
11386 3762
6928 15397
12674 2997
10055 13521
4532 2641
2777 1773
7812 12897
12741 13363
12492 5898
10327 7854
13737 15652
2769 9068
12253 9193
3857 6966
14666 5107
15290 9842
4005 3984
5648 12424
2387 4685
3465 900
1573 6184
8655 337
15806 10015
9975 9260
334 9166
13066 101
950 1957
11198 7913
1645 13899
9273 4159
10423 6659
9788 10808
8433 13369
5922 9020
34 2520
5876 10724
7783 8642
7479 1683
12238 3216
13319 2249
43 9435
9683 1540
7814 8765
5638 235
13048 9219
9610 11375
2019 8291
11815 9127
3871 819
4461 9743
11317 8908
4063 4442
6330 10662
8113 6490
5318 9045
12288 4531
4550 11502
15284 2825
12683 10861
8842 3605
2726 10869
11635 8548
8459 15106
13439 1472
2538 7725
11197 8566
13347 7491
9851 382
15161 15702
6325 7139
13693 12691
9587 9473
2610 948
5651 11318
6562 6412
458 7893
3314 8574
3633 7716
12339 1172
344 11301
3683 5931
4690 8910
9624 2302
15777 2804
1875 13184
12792 7476
1157 5348
8151 15619
13511 15393
1214 7871
11526 12058
8479 15021
5209 8290
4248 4122
8764 1835
14671 1065
7071 4213
13563 12153
14921 8298
9107 9793
1233 9199
6693 824
648 13335
4632 9935
7240 4389
3250 1282
5951 12890
4606 12494
6167 468
4544 14915
9398 12521
10387 10701
12706 10060
8651 215
2732 15254
15301 11648
14277 1829
6374 1866
1594 12346
8870 8171
12379 14181
5077 8985
6634 5778
2375 5190
9660 11247
13968 13980
10912 8300
588 15697
63 3232
8320 8758
15035 10818
421 2582
3534 3757
10116 5504
2693 124
3171 138
13631 4388
11493 6196
11670 14714
14980 9984
15264 2291
9491 3195
11235 52
10596 6482
2048 6927
10545 13023
4066 7890
333 2367
5443 14936
2915 3429
7081 14475
3763 7694
14033 8373
11158 1898
805 8251
726 3
80 9693
7550 8037
4813 10645
2900 8400
12156 96
14361 1951
6820 13897
15200 1210
4663 11200
15261 12302
7778 14563
13736 10202
11874 13157
15705 15340
10756 6609
10013 2162
2265 674
13556 2242
14318 6497
15585 2883
14052 11715
3827 10764
1687 13039
6935 11288
10602 11978
15677 1274
13055 7265
12673 7442
15079 6980
7159 7473
6146 15060
13587 14969
13616 15984
4244 8070
14923 13951
14492 8865
11460 6169
2763 2097
8805 3662
950 7164
6611 4047
14573 3654
13717 15164
3155 5419
14274 7029
3591 13910
11518 7989
1703 12868
8674 10766
2183 7224
13677 3797
11589 6137
11838 10836
7153 2279
13440 11077
13917 11959
13227 1140
4554 3203
3745 7309
10663 3323
3294 7178
1606 8794
15235 12657
4271 10610
11372 652
7255 10969
10540 13437
9094 6901
10355 4498
10505 1148
1282 13202
6621 4229
7518 10120
5567 6116
7300 6465
6717 2414
9870 11515
10410 15641
1568 13206
10935 3066
8512 4641
10334 5560
4253 9341
7721 14387
6742 9248
1084 5147
12533 14832
404 1629
13701 3261
4113 8872
6309 6344
8852 1884
4191 11011
15272 6365
5854 707
5458 13033
8968 4833
15138 9906
3172 1330
12702 3671
9601 11054
14194 7028
11713 15688
6412 13694
10619 9177
12803 11880
3908 14678
6259 12875
9607 5035
1836 15992
9158 6361
2512 1353
12278 7737
13248 8390
2517 865
14896 12627
10894 4671
13710 10580
4335 12226
4279 4463
6475 9362
1910 9218
15240 3516
1196 13243
15056 13503
6324 9479
7927 6032
15016 15123
14149 3839
893 2286
3140 10213
13019 11565
15877 2865
6725 3255
15637 8809
4667 11259
6637 2801
13809 3036
449 6919
8578 10651
15162 1261
2879 11731
7361 9080
8972 10850
6308 13922
9862 13711
6364 6242
7282 3054
4220 12763
9480 1099
60 5139
8777 14779
13382 6802
1464 13395
7631 3633
15330 8131
11099 6174
6457 10588
4528 15118
2561 14164
8216 4214
3531 12262
14583 2854
9261 2924
4544 3203
4848 14090
15902 8306
3028 14826
12095 15757
10862 829
5514 10521
5504 6275
13386 8832
10248 8758
11107 6765
5823 3082
1633 11229
5382 15140
9818 4820
1681 13235
5411 15978
990 15505
8584 11637
3857 13955
3143 4395
11687 14524
10339 11097
13584 15404
8564 11962
2789 11335
4456 4220
12447 7085
1584 9114
9890 3940
11053 8552
8876 4071
4650 9505
11612 15140
7524 1468
7307 11711
9074 8661
4648 5318
15148 12172
13672 15956
10424 12581
7166 3464
15050 7961
1875 8161
4520 2551
13943 12816
9592 9745
3605 13594
4067 8011
8462 3932
5856 11169
8811 13733
8699 9506
1728 1915
1281 9582
7092 6677
7386 9631
7 10991
14365 4739
8413 2384
13533 1305
10367 4514
7771 11733
7194 14972
8535 13368
15056 4214
14816 1499
5822 9094
15862 13805
4141 3824
6021 15253
6561 3673
9686 10755
2291 6056
8935 2161
10382 4182
3863 4027
6164 7160
13577 7144
2851 5525
13675 8798
10659 9048
3503 11751
3729 3918
9970 4795
209 9163
15986 9532
9642 12010
7527 5859
462 2279
6256 9341
4036 8055
508 6215
7855 2038
10524 11176
11935 447
9726 15333
675 7385
684 10654
2490 320
4423 13658
659 2146
809 2261
8198 6444
8538 12939
7979 7954
3048 14555
8791 13882
12966 13690
3611 3335
15461 1124
1246 10248
8275 14801
8448 6579
1535 6304
633 1111
1870 4172
1883 427
649 11809
8741 3464
8650 8371
10850 15089
1171 14746
6219 14064
6352 10710
11238 9826
10712 15502
15118 12667
9724 5123
105 3002
5465 12560
13222 7040
4526 3278
12773 12133
4109 11026
10543 15903
6629 12758
15546 13495
5191 7826
7095 13208
10168 12955
7982 10243
7689 12482
10597 7172
6895 15351
3316 12456
3884 1811
15323 57
13845 634
10908 3098
10947 8589
3131 4550
5561 14566
9557 11643
13647 508
10312 11558
8285 2577
7789 12884
7496 8601
13199 6279
2620 3394
12870 15068
6218 9010
15352 9333
6834 10345
3309 4625
6727 13503
9911 3195
6859 5958
939 11384
15272 12177
5533 11039
11195 5838
11465 6535
1501 6942
6888 649
15306 15912
5449 3211
10617 2315
3120 12694
9176 15142
14519 3392
13338 1946
684 8209
1932 13723
3944 6522
6843 11374
15840 15523
8762 2682
11622 6776
8367 12493
15164 13805
1246 13243
9356 15976
1455 2224
5312 15958
14393 15670
4215 662
13652 9562
10284 2522
9161 210
15337 5087
14839 15832
8422 3095
5824 15757
8983 2651
2923 4764
958 11536
15624 8453
10226 10763
8877 4200
2359 3803
13290 10187
9433 12602
6731 11895
5032 14323
3345 6352
11331 5204
3000 13407
5631 7262
3847 14576
13062 165
9649 509
11698 2751
5301 9424
7509 10319
15395 9670
13374 3846
4780 10382
9485 392
9442 10345
4984 1984
7300 3613
4515 9231
174 5737
5769 8116
13561 9595
6149 10555
2455 5028
2424 13153
8872 338
2150 5688
12370 15771
1290 9132
10017 10807
3113 11756
7442 11807
2799 4928
1916 12943
8800 11151
11945 9987
9199 15916
1194 11906
9661 15513
6474 11085
10835 13010
13986 9920
570 15770
14776 1200
7036 11172
9175 9544
10708 15758
2761 9234
2265 11823
3423 406
4089 2316
14489 4560
9729 12505
12834 7165
12346 12794
8274 6007
1885 15124
8411 8984
1467 10005
11000 8675
5044 5455
7338 10645
12107 4639
7070 6638
1677 4223
1714 15528
1137 15755
351 3226
9008 12436
2798 15040
8497 2674
10822 11983
7822 4447
11408 7098
659 14039
7171 13763
4007 15282
8363 9090
5327 8603
752 11517
2991 11043
12398 28
11263 4521
13195 9988
11345 8123
5420 3964
3068 13923
10617 5134
