5564 15551
9309 6312
803 14166
10627 2111
10694 9752
12374 12574
978 1283
14395 4252
11737 12305
10640 1501
3282 2527
5487 13183
13659 1582
15482 12510
10855 14529
12961 13807
8394 12354
4774 12625
4545 8157
5570 1344
6354 15260
9487 6628
10650 9500
5819 2428
1547 9640
6575 6485
2230 14837
1368 14212
13822 14358
7952 6125
12029 6575
10507 11230
8234 5264
12080 15056
8587 3097
14732 65
14844 6692
10301 6978
8777 14842
13863 4216
9549 11765
6894 5204
6551 7245
1276 2285
15570 11334
10536 12939
6441 12807
2639 12967
14046 3834
10984 1863
11988 622
4548 12118
9735 2664
2992 15427
11526 10296
13727 4867
1416 10448
14759 15782
2334 3852
12787 5899
9246 6202
1873 5588
11758 13003
10300 1265
14778 2266
9918 3917
7017 2552
111 12316
4505 5753
7823 11013
13099 3665
9982 4550
11178 1225
5977 8556
8607 7093
10436 10065
15727 3935
4340 3322
4345 6501
11003 14379
8090 1768
12805 5480
13233 1731
2074 1662
5077 12743
4790 11719
11004 12210
11538 1145
13008 12396
2183 6098
1934 14338
8819 15634
3669 7726
2126 7850
9778 11755
14910 6684
9223 9945
1198 9374
4599 10978
12998 13621
4862 8980
8274 14311
1442 13258
5214 5886
11736 7831
12499 7012
12887 13524
2300 7901
10504 14930
5970 5671
1568 11499
11258 3752
8065 9814
4134 10323
9113 13723
9846 8906
141 2844
4994 15901
8772 3863
1109 13114
3742 4070
10305 11235
5247 9713
7906 13202
10849 5699
10812 6757
10451 6084
15076 1110
8823 12721
10672 821
14097 10549
12019 6223
14121 9929
7354 7437
8044 13014
9608 4673
15059 3267
2384 565
12324 587
3988 15447
2679 9274
13100 11791
15363 12708
4329 14858
11864 7230
7259 1003
4483 12195
15766 2183
4844 14100
9991 15887
7097 10657
1366 14195
5702 1283
6839 3546
4040 11121
3662 1500
904 526
2961 14281
9936 836
11039 13135
1224 1041
13052 5986
12016 10602
5565 3043
2429 9144
949 14890
13882 13832
14835 4050
7115 744
820 4528
7901 11044
4630 8906
6295 10971
8580 1573
11950 6904
2087 14898
15327 6777
13018 9915
15937 2192
12178 12438
1989 8936
13296 4055
14440 2823
13707 11567
13938 11399
13190 10715
15164 8579
15402 3133
5608 6991
13809 5744
2419 827
14403 15593
5559 7628
5834 15010
7467 11730
4377 14505
8083 2128
7804 11206
10821 15831
5235 13865
5411 13534
11944 15213
1874 2385
10063 14566
7191 15185
15823 3157
4325 970
14453 9279
14581 2798
4472 2034
10906 14839
15725 7168
6664 52
10325 9933
3445 4043
1234 12122
1248 7382
8040 15285
3406 8398
12374 8351
5104 8030
3486 5676
8434 13709
2797 1733
12336 8645
2990 13464
7954 4278
7293 10908
819 15538
6422 14099
792 3818
13677 866
12177 12112
1562 7732
3252 1120
11349 1857
1510 5654
9926 3395
1540 7571
15092 3861
7922 3636
11834 15670
288 6232
15107 3424
8810 8465
2144 5689
10084 1489
13843 11884
152 3254
10894 5131
4256 3769
8833 11273
1154 4881
9113 2652
7637 7138
4222 13119
763 10922
14705 15362
9017 8774
12722 12270
8980 690
12481 1026
12987 11622
9686 15869
13612 857
11921 3418
4123 15716
2967 4188
11490 3554
8825 3792
8205 13456
2989 3884
14348 10701
2711 13265
14486 10077
14345 5520
3815 1229
14254 7095
5638 12616
4428 4452
1463 899
474 14225
13086 15619
253 15711
5564 1370
5178 2544
4739 8247
6191 14784
14583 6911
6782 6663
13272 7774
10703 14837
5422 8545
1354 12012
8665 10798
1950 5252
15798 14670
4789 9796
14647 4798
7223 1024
1619 5593
10149 4792
9422 1649
5380 14396
571 13443
850 5622
11296 8624
5027 13320
2637 10201
941 8599
14546 10321
5955 4108
6387 14832
3262 608
1100 9664
14098 15839
8084 984
7509 11444
5608 7881
5100 9831
9337 14556
2119 5278
10094 8062
15900 9464
10724 2387
2076 3908
5364 8279
15592 6341
2300 14055
6626 4776
4964 6899
6166 4135
15247 6324
3466 9252
4104 4808
4141 6210
1113 1787
4682 12553
8606 13766
8690 3256
6967 8206
8751 12594
1299 12318
3839 7031
1405 13616
12619 7915
12556 10722
12662 10997
1014 9029
13023 6472
4176 10994
3999 12853
12809 958
7909 2706
14235 11647
6554 8727
1478 13310
3232 3660
7074 3330
10110 9600
221 12821
4781 9722
5698 2128
5889 7202
6871 7159
3517 6771
9273 4672
6229 12604
11065 12104
8139 2657
10280 11076
9601 5485
10874 3746
11786 970
8647 12905
5218 3034
10309 6561
12037 4816
9886 15205
7004 1604
2442 1043
12485 11791
13193 1481
10595 13660
7591 8512
3433 7120
1319 4260
9121 5154
8305 12833
7960 9412
13004 4965
705 6342
8434 8906
5955 6168
14383 13570
9341 1630
2544 8118
3939 9067
7086 10925
1329 13057
12847 12691
9502 11712
15593 5699
8284 4278
10939 4641
8210 8507
658 2423
7080 7090
1219 15929
8425 6191
856 4777
12385 14501
8372 4405
8969 5244
4001 15902
10073 10354
15584 131
4373 12611
6751 3264
13408 13531
9201 1152
3030 10950
14853 15097
13461 3922
12747 5115
5373 7499
9488 7195
9667 4248
14582 9013
439 63
9610 3072
13709 11846
13570 9172
8453 1372
13756 1891
9188 6859
14399 212
13906 10150
12092 1426
537 7161
7374 15928
13679 15822
10621 8041
5528 13670
11853 6938
530 14003
9972 9897
6154 353
1961 7142
739 4770
14917 5698
15681 12813
9624 7343
8539 3746
7349 10525
15842 10273
1084 9023
14620 11816
12043 2355
15397 7611
13574 4550
15587 11562
9604 6373
5057 2303
1426 11344
1735 3862
14598 8615
292 15859
12466 15119
11437 5872
15449 6859
211 13602
11881 4269
13165 2965
15708 12596
8319 12916
3616 11091
1478 2788
9985 3855
8305 15729
1124 15798
14370 3146
15490 10196
4377 3686
9741 4196
10831 578
5602 876
10335 15482
9164 6818
13885 14223
6547 9478
13064 9537
9006 7636
6071 393
15867 6436
11552 15675
15074 9699
13199 10468
10581 9047
3885 6420
6234 9603
9028 1881
4363 6400
3899 3958
830 15737
9423 5962
6726 15357
8554 5832
8942 486
6586 4665
7684 4123
9286 10602
15373 7419
7871 10633
10645 12771
5357 2654
7881 13530
7312 1956
385 1105
11200 7193
13758 10470
10377 15808
10322 7787
4873 2428
3551 6534
11441 5163
1255 14443
7221 5678
3795 14307
7338 15783
11213 3727
4326 15498
4384 1079
14059 5350
14295 9197
594 5465
14055 9472
13085 12396
9409 814
3 11930
12964 6149
8724 3887
3768 9996
10114 15769
1503 10203
12134 2936
4573 3294
411 4501
10383 4074
12167 7504
7872 2194
2642 3444
15339 358
1880 12447
2961 8399
13273 3870
6239 8945
14302 201
15264 5062
5794 14162
12650 10352
6106 8310
11785 1863
5591 3691
13755 12933
8224 12473
1464 7678
9580 6428
2319 6636
9236 2282
5017 13413
65 9852
3582 11180
1550 762
3319 11841
14599 15409
8988 10205
6059 10746
13432 12014
7231 9442
184 3186
6043 6772
8366 13243
7300 8777
8005 3273
15289 4422
4299 9162
2901 8346
10108 13373
6538 13784
3799 11853
15574 9759
2220 2982
13103 9289
15027 14199
5637 2573
12639 10663
11678 3171
3952 7081
11285 9156
6227 4811
2585 269
4823 10931
6347 3565
10834 6734
967 10035
7560 9728
7392 10972
15014 4181
12975 7489
3257 12309
15272 3564
15783 3208
5328 1207
9790 7283
8024 524
12600 12383
15373 9298
4674 2045
14612 14933
9079 2229
8468 14125
9421 4733
2599 10745
11900 9439
6414 417
7257 2751
11366 4358
14459 4597
6941 1462
923 9556
8179 15460
3018 1753
2190 5467
1119 15894
7609 1324
8545 9281
2371 4476
6415 3656
3971 8851
8005 9591
10392 11679
308 10747
2713 3212
7450 10934
13421 11194
15430 3754
14776 12609
3071 2216
6477 3199
13734 15133
11461 14048
1024 2652
13405 11381
7648 9716
14523 1532
7142 15790
1759 10511
9978 5674
14318 15667
2083 12685
3740 6686
12748 11906
5415 13068
2486 13057
6544 32
3008 9787
8793 2062
1335 5209
14029 9700
1240 10477
4477 6269
6696 11261
13867 15624
1690 9010
8421 13737
12224 4207
11929 226
7697 4050
732 9579
15118 1516
1370 15530
4804 10227
565 5198
3482 14543
4339 207
11112 10068
5091 10016
12123 10136
3151 8035
3804 6395
12510 12344
9042 88
11788 620
12957 8547
13174 13142
8526 2235
2930 1260
4665 2606
11977 13478
4080 13900
5765 11506
8660 5292
9126 5947
13469 15630
5185 14110
6210 2295
15689 1436
13250 12576
15149 4277
5563 7297
9811 11991
10362 12039
14287 10174
13285 4024
9680 6130
8506 14952
15036 14184
363 13924
15452 6080
3438 7414
5789 105
2637 14617
4005 4734
3517 14075
11681 8391
6405 8106
3405 14544
6846 15924
13922 3590
10409 4326
6538 6487
14439 14938
15004 10530
6756 828
14346 13779
9341 13929
9684 15442
15179 1892
13628 3064
1718 12855
3881 2611
9183 10370
8132 3175
12565 13655
12676 1816
2485 11894
3484 1414
5406 12077
12059 14467
4168 6179
4655 8799
12802 12964
15652 530
3219 8877
8115 10820
13074 415
2097 9090
2115 4898
11641 14898
2087 6217
10712 5640
1765 3910
9680 6471
956 513
2137 6915
6382 1416
6422 5500
6792 9609
15799 7529
12401 5054
10650 11572
1692 11580
13190 10952
11269 7552
6624 3371
4309 9355
12882 3016
3290 231
3409 10720
9712 8627
1816 11065
10956 11147
10351 3910
4177 7241
7340 4894
10912 3678
3833 11495
8790 4065
321 1193
12501 15656
1248 10945
1145 15635
3815 4906
15092 15366
4662 2981
1849 14733
4434 6119
15807 2522
954 12327
6502 7097
5653 1784
12583 15740
12408 11951
10303 14478
14812 8055
12011 13182
4160 3120
4020 12012
3788 7890
12193 2047
1445 10577
9693 7569
10652 496
14087 108
13644 5654
383 801
1383 313
4797 14506
6724 13483
1526 13013
2367 9371
11936 5633
11725 4166
1923 6494
12686 286
13386 4123
2366 9154
3411 8194
5325 2830
7689 8372
7068 1597
1282 3112
5736 1370
6472 11344
5078 4614
4867 6333
14235 5310
11324 1394
1020 12343
5758 10607
5864 5453
7513 7892
10081 10653
8386 4919
13077 5675
8064 10246
14338 12393
2321 3575
14375 3284
1304 3855
1651 12736
9483 13901
5467 11375
2434 8200
2541 7986
2252 11500
13600 2892
831 14736
1504 2637
2071 9455
11694 10936
5877 12833
5914 4944
4033 13384
4251 1843
13975 190
11751 6590
9752 2205
6013 3289
10883 4030
3979 3482
3083 5984
3599 2783
9412 69
1344 11659
5515 2843
1342 15192
8663 6552
13749 7382
10000 4873
3089 6104
12749 12619
4180 7812
12954 7511
5855 14687
11766 11408
2038 331
2853 12510
13593 9143
11483 12720
4954 6465
9929 5683
8679 13848
12603 14967
976 4347
2590 1740
8212 6015
5115 8568
4858 3306
1245 14020
15640 9536
3554 2122
13343 2256
1637 7671
295 6479
13120 12316
4935 4735
6391 9690
4414 11019
6165 1335
15213 200
4555 15538
7251 11513
6749 3131
15132 879
4391 4553
11505 13165
8030 8802
4534 15870
5244 7247
5004 14090
4924 10377
7917 3492
13492 2087
8484 5016
8216 6846
9505 3356
4321 6203
10925 11203
308 12566
9410 6356
8550 2850
9929 11144
1308 10458
4484 12698
2186 3519
15475 9259
374 9651
9299 11346
6034 11240
9774 12130
10984 844
14762 8976
7912 10083
9070 11799
7530 9667
1013 8105
8780 444
8237 14021
2990 7876
9323 2952
13251 7819
12947 2693
5507 13055
8570 6359
4871 7369
5237 15555
4273 2869
6266 11176
12233 8726
7305 15178
15438 9325
9506 12320
13362 11580
13222 2618
12778 15964
13243 7023
2393 11151
12502 7168
3500 4821
6651 9772
6383 12486
3599 8166
13502 7950
3222 3308
13624 11135
15772 10409
15774 2460
1385 11452
5109 7533
10728 8832
12677 15506
9851 423
12261 6782
3510 1718
9498 13959
1675 14973
4019 5146
10935 14872
9934 13910
8275 4911
14131 2980
5512 473
2512 1216
7601 9946
14834 15514
5220 5843
11194 12841
15782 12485
7809 4282
2767 5931
12969 14264
15151 7547
6819 744
3952 6279
13051 4074
8965 15540
8425 1332
4043 4021
10030 4575
14333 15381
13964 2129
3624 11189
4008 3285
10540 10507
13826 11973
12669 11252
12301 9231
1142 15612
8047 12541
15204 8140
10050 1676
14128 5663
7956 11995
11134 694
8948 2444
2290 2244
8749 3643
5009 6597
10838 4419
11013 3177
14076 15939
5821 15009
7496 9804
586 12939
6763 2401
6972 14107
102 12892
7380 14816
11279 5713
15933 5449
4491 13585
1810 10040
7634 2092
15119 8854
3708 2771
15868 3597
362 13608
15409 2212
15778 8439
5033 11212
6927 12961
8109 13486
6097 15009
4498 2170
15364 7674
2270 4359
8474 10029
4612 11693
4107 14208
791 4242
13833 6729
15902 15260
13251 4307
6016 14140
8366 7066
5118 225
9274 10720
3183 15878
7846 11080
10486 8531
3510 4100
8207 11271
8524 834
15819 7226
15912 13012
462 7986
8273 10686
1098 1450
10382 15932
2497 8811
7710 13094
14113 9045
7497 5864
2160 15120
2935 1208
15 12100
4048 2525
2834 12191
8058 14519
6913 8092
12659 1039
5547 12429
15379 6890
13398 9965
1867 8044
10018 13939
1941 12909
14801 7679
5582 5136
8004 832
15645 14112
13485 5280
8001 6148
13884 12160
3873 9430
14290 507
11420 10566
12945 3649
14519 3623
15987 3401
7719 7154
15368 9958
7295 624
11115 7440
11240 13653
12071 11989
10400 6850
563 7868
653 15037
15008 11307
1821 1660
8972 12991
9554 13341
15060 9783
5296 2342
5817 13023
3816 11024
11605 12237
7420 8316
1816 3961
7477 445
14859 2685
13513 10707
6397 15959
7547 8280
7137 5797
1515 11835
26 5369
14753 1292
11424 13941
6788 7667
4204 3312
10066 6722
6033 10503
878 7560
4389 810
1104 6013
10610 5964
5800 6622
15269 366
7693 14382
9965 12203
2999 4779
4360 2920
7662 6998
13933 6987
8791 6359
3306 8512
13739 6637
6176 15090
15020 9583
3116 13459
11844 4425
9423 11449
2742 6675
9678 11166
1365 4127
8774 7981
9754 9311
11759 2589
11787 1740
752 4489
4094 15577
6309 13170
5399 11457
10659 14023
2701 1200
5004 3591
14253 219
15028 4479
13942 6852
15718 9610
13863 14398
4411 2844
11785 11055
11822 15630
9818 12450
6432 4559
11637 3722
2828 7545
2499 4606
10754 12839
12528 8424
8489 11721
6806 6992
14795 12363
3175 2571
15454 9051
15335 2961
12843 10071
11739 12171
10189 722
15030 4665
2280 2270
15264 12223
3604 11073
9739 7235
3514 11765
10119 14447
12960 9808
6448 15929
2733 7800
4528 7134
2036 1919
14960 4173
3107 7296
9245 11713
7146 14721
5395 638
5437 1723
405 14093
2077 407
11541 8621
8925 8349
10031 3278
8853 13427
14387 7094
14912 8546
12548 9430
12191 5405
6259 13041
1103 9875
13790 1469
10768 15189
3751 5633
15931 2534
1186 695
2119 3254
6917 12755
842 5717
3251 5054
9104 6821
3237 15031
8311 8371
979 15064
6426 1596
5326 354
8388 4004
5908 3345
2631 13838
4349 4414
2556 9490
15283 8524
14263 7775
1012 2240
12695 13718
7855 15091
4043 14304
11480 12026
2733 4974
13440 10263
4918 1863
6049 7887
2942 9260
1896 8688
2347 12199
10807 6923
5198 5612
6565 3008
2741 2284
13814 2554
6981 249
13615 10878
12544 626
196 3327
7371 11119
6389 7088
2964 14290
5996 13123
6210 3094
8094 8494
1725 11302
1049 9291
14978 4094
11262 7065
5583 8311
5274 11679
3077 1579
12980 4288
13377 12694
13491 1083
10287 6963
4770 865
3465 12778
5717 15057
1176 2010
14652 3021
7052 4200
5621 100
15336 9935
7065 14458
9540 8814
12401 13958
10455 13396
2635 13993
6605 15920
14845 5096
3060 12285
4998 13290
11886 14508
12888 5646
2130 4855
2346 15564
11880 11603
6210 10391
9123 497
4934 15242
11480 10900
1639 7215
3940 372
3712 7367
2550 11131
9056 6926
13288 3106
13010 14461
10328 11217
3366 12523
11200 11617
4691 3744
7981 15440
3520 525
9448 10066
12456 2389
1630 949
5814 2417
1286 9438
10224 98
4372 2684
503 3885
6060 4102
810 13450
306 5045
3630 11088
10029 9656
2240 1776
7922 5856
11027 4897
8856 14518
14818 12758
13231 3608
4541 3553
12446 3397
168 2541
4010 13531
2977 5255
9488 7728
875 6335
5607 5951
12443 7444
1587 6250
15162 3209
9813 8689
14415 882
7763 3962
8292 5844
979 12749
6281 13403
3806 12273
12277 8596
4007 4706
12156 1159
8444 12564
12427 7362
8003 1641
13329 12619
10021 12574
3279 5927
6400 2403
3644 6551
8846 368
15782 10207
3502 798
5771 3387
6792 5174
10538 9791
14057 1393
15522 13322
11368 11330
8561 265
12438 9429
3171 10455
7971 11007
906 2970
7225 10248
13719 1751
6075 11313
7935 6308
9801 7009
6482 9477
6411 8354
13918 13702
398 2555
35 15470
12498 889
1506 12550
15983 3882
11291 13165
7859 5771
12730 10506
3816 2688
8215 4783
3717 8335
13296 977
15676 479
9891 11981
2814 11095
6917 9939
5596 8609
13297 2206
5785 6412
13728 2364
15283 2094
8609 14591
15748 12448
8677 919
13048 9785
3777 1133
4749 6468
13157 409
15083 2131
5942 13253
9886 12905
2753 10796
5834 5626
6373 1111
116 1485
9074 7246
3925 4151
9929 6271
12553 1098
1477 5143
14292 15535
8503 13917
11681 15280
10305 10334
4893 3332
240 6478
5108 11396
6825 8648
10663 3764
14964 7967
7688 9878
8795 12765
6907 4309
12935 4420
14800 14517
9436 3007
6991 15333
4767 6253
5991 13613
15852 2802
10123 926
12302 7978
2370 5118
2241 3537
7498 13253
7039 13794
1415 7905
9060 7636
8371 6454
14872 10055
2155 2673
7979 1634
10884 13944
12199 7645
9151 1065
13900 5834
1616 3945
7359 14250
7299 10486
5434 166
882 2497
3455 15863
6212 3565
15877 5295
1027 599
14935 8257
11197 11059
5152 15509
8926 6444
14820 11641
8985 5526
4876 4791
5315 14758
8054 6770
8883 10094
7537 7892
13300 6468
756 12386
605 301
10206 13415
8995 1651
8229 14931
1804 2997
11711 10657
12120 10691
11783 2761
13061 13836
1333 993
6060 103
2548 4708
15032 5741
14718 7088
14065 9042
14892 6574
8887 15583
8975 13888
2645 8954
12587 12011
6150 14211
5468 2822
4686 14859
1716 183
2572 10183
2620 15958
9104 8708
13359 5171
5777 3890
15704 8074
5472 10710
9142 15229
6142 11436
10530 3726
13774 7556
9685 8057
8482 6450
14739 15036
15929 2283
8025 9039
5913 13769
4778 7550
6038 9108
4162 15057
6182 8009
2929 2661
1049 14472
3491 11597
2326 863
3917 7543
3801 10475
9764 4592
6975 8506
10965 7
9209 959
12877 11960
6953 5670
5958 5151
10450 9654
8941 2604
12951 4428
9322 3062
5274 14419
10899 9430
4778 13664
1226 4734
7094 14197
4815 7525
5915 892
13437 6711
15887 12590
9816 15292
10001 13965
6922 3436
8859 11681
10942 7055
13685 929
14465 2365
14572 12168
13772 4493
5178 1714
7760 5078
4726 7248
11162 5128
9211 152
5391 13080
10870 13281
11947 2628
1862 14839
14442 14057
10246 8427
7196 15182
13932 2062
13723 5788
890 6326
804 182
2714 8629
6438 3552
12730 14800
15648 2445
8543 10868
9912 6454
3677 11378
3708 12266
6815 10656
10889 3923
3570 1651
8699 10384
6995 11058
8140 251
476 5279
6112 13791
7298 8853
8343 7422
3681 13178
5261 7016
10169 6418
11675 7945
4952 6917
10641 12961
13623 11541
4857 9751
5575 11863
1761 2167
5165 2625
10930 13154
7297 13802
13066 2618
11354 14570
14700 15019
8374 14929
12963 9283
349 5673
13138 15165
13866 3114
4569 1650
5230 9030
14934 11074
15938 9196
7074 12096
10682 13706
273 7015
10162 15281
12056 7778
15142 13837
6601 7093
194 4517
12912 9885
4303 8438
9753 6168
14447 9405
1072 11681
3602 9972
611 15233
8550 9706
7344 10630
11387 14622
12421 2984
2178 14767
3283 11797
8853 10311
11067 5982
11206 15663
8229 1257
12618 4365
12553 1349
7163 5422
15216 10687
6358 356
7348 7658
10886 12334
8493 6566
1233 12518
12969 11383
15653 6409
14216 15444
11059 15371
8546 15132
663 3155
15561 1938
7958 15456
1636 4592
11454 11189
15818 3218
9971 12546
6909 8959
3777 3012
8374 2324
10859 10491
5027 15494
9822 8568
6602 8683
2544 1619
9661 7567
15238 8841
11336 14703
11419 1660
15613 10829
4829 11495
13388 2889
15829 2702
7704 11803
12440 5954
4199 3927
11559 708
14508 5649
1757 10771
4688 8906
10725 6384
13111 4301
10833 175
1076 12
15650 13430
9285 4462
14363 12484
13684 15752
4998 14315
13966 6324
1123 11533
8361 11798
9712 5947
15867 8779
11200 13229
11509 15180
2589 7422
3728 12248
7771 13573
3127 9421
8209 10066
10645 7005
11163 7965
9526 4884
10284 4683
12043 6224
2880 8850
6842 8914
13707 13867
322 3311
3851 1803
5190 2595
10837 2878
14187 13498
6652 4951
11247 5790
6307 13416
4607 9964
12007 4958
10667 5691
7774 14764
15676 9946
4768 13946
1679 10903
6469 9157
14164 4496
6460 7489
15867 15605
2176 10507
10042 10620
1372 1710
805 3482
8514 13743
11122 5876
15901 5461
1671 14210
14342 15095
8832 15303
1326 10533
7365 12693
1981 4813
6970 5027
5642 8265
5687 11655
13321 14426
5750 5694
7717 7863
1301 9109
1344 12375
15407 3406
8901 3341
13351 14216
9882 15550
10554 4376
13986 7108
10299 8394
15051 4567
4221 11073
10732 2395
14734 4927
15460 15521
4668 6243
7341 462
13337 11050
15811 10967
7066 9459
2536 14861
893 14519
10851 15834
2712 13182
8743 13231
10524 12379
6102 1144
9984 15927
4789 10613
10612 10781
5650 11950
13425 13379
3336 2381
1736 15083
9733 14215
2260 13528
6830 13608
9154 6294
1201 7194
14144 3036
5391 5651
6401 15645
5939 15842
4363 5071
9216 2287
5725 11695
7388 1270
12353 5673
13046 11497
14357 15421
13751 10848
10218 12821
9909 2950
5077 8605
13191 9353
12510 10451
14505 7435
11056 9167
8698 2308
2547 6035
5908 547
2554 1958
12820 13830
10171 13601
4114 4436
3100 10298
1685 13460
14676 2019
1315 9832
5984 8854
9675 795
1303 4022
12718 7712
1640 82
13137 6981
10895 14426
4836 10548
4707 13603
12238 13680
14468 2398
7667 10673
9002 4867
10855 4859
14230 14781
3285 10859
4257 10386
7782 96
460 10282
13737 10628
10581 4019
6908 11575
1781 2444
1681 98
10404 6140
2676 11336
10794 7008
8920 5464
13345 15743
4228 2616
4086 429
8157 5821
13088 12119
929 11280
3388 14235
12299 13018
2868 14695
11724 9966
14650 10362
2372 14197
6191 13676
15964 6414
9097 2728
7503 8848
1842 5403
750 6493
6156 1887
9201 4558
531 11452
8955 15693
1258 9499
11736 9864
8235 11938
2271 3887
2793 11144
9440 4805
15512 4857
12717 8745
8357 1899
4139 11246
5166 15866
15678 4075
2528 2361
15773 9886
4713 7111
14206 9885
3469 14453
1730 15190
12857 5406
11187 11990
594 15931
12783 8743
8926 8536
2703 973
6881 8981
3269 5464
135 14001
14114 13467
3738 15316
15811 11363
9871 15162
7885 10195
2317 9315
5027 11590
14026 469
8105 9266
14296 8997
13810 12251
9697 6677
5294 15436
15140 9373
2029 2939
148 14175
9752 8080
6484 9673
12786 2781
4038 10111
10332 14035
7137 2332
7219 13321
9162 9691
5450 7063
10731 15454
6321 6308
9656 3975
3995 9263
5439 1092
7126 10143
5794 13364
6954 13471
9900 3187
11862 922
15712 9963
12267 424
3286 12258
1280 2591
13133 3761
1314 4726
5477 12859
11562 9950
3045 10558
10338 13603
13110 6087
2137 8898
14754 9450
11317 7597
11607 7746
6010 11129
12120 6542
9546 295
7758 5666
9539 12572
13596 4343
10654 1520
14459 5532
14867 6780
12119 8483
4591 7423
7728 2121
649 4518
6225 11441
9066 422
2626 11911
912 5744
14714 12382
2403 12128
15303 3709
9540 15185
15492 1639
1003 7843
15969 1029
3418 5919
5880 2664
7611 3851
6145 10106
643 14699
14249 15139
3819 8189
3271 2497
2112 13631
6273 3344
7139 4124
9543 12147
109 14299
6037 11179
14007 12710
5228 4656
317 2177
11996 6752
15383 1730
12258 13043
8270 15720
7134 4301
456 13177
5749 9051
8447 8769
680 6683
6488 15345
8530 9880
12284 3978
8698 1111
7703 6078
11547 13368
1558 14676
13731 3946
382 7638
15307 13681
15646 1327
10779 12484
15707 2258
10410 5188
7419 7839
14664 12831
9980 14423
10756 7220
12015 6111
15150 1771
9658 13578
5834 8704
3281 14925
6091 3425
10216 2295
14182 3094
14392 3577
15055 2499
6142 1175
3743 15854
8881 9004
7318 8076
2824 8760
1479 12541
11596 5470
12364 4033
686 6926
7196 390
13473 8692
750 7462
11985 9070
6934 3711
13433 15185
3224 2816
3571 10177
11710 12888
11604 15242
10421 13905
3162 4814
11593 12509
9915 10833
12327 7517
15748 6539
8621 11663
9955 6050
13731 4479
11073 10580
6018 14093
358 9304
9142 14678
14871 14115
785 567
12328 2175
14834 10967
7249 10904
12179 4781
12245 15124
2010 5738
7726 10636
4267 15533
4391 9830
2742 7053
15759 10313
15986 14307
1693 8638
595 4596
4681 2165
11962 14903
13687 13644
1471 15391
8912 7744
10063 12730
2216 161
6035 10959
2761 2567
4462 9871
3417 7961
8403 13644
6430 7973
8356 7479
13633 5655
9453 12964
6058 12078
5428 9892
10555 8063
2310 1096
6482 13771
14720 4903
13176 13456
14734 14735
15404 7097
14901 12876
4646 7270
13288 10504
5311 1884
8095 9689
11731 11138
7074 5102
3073 13733
572 5983
12657 11265
4506 12108
323 8568
9398 5969
12615 6011
356 8340
9161 15650
10146 6189
15847 10490
11395 14208
3240 821
4265 2389
15001 15896
10476 10318
14117 1261
5876 15534
14614 9243
936 9024
217 69
13644 12906
4741 10595
12503 6437
15400 11804
3800 7155
8437 2578
9209 1077
8023 8822
3996 8441
978 7359
9813 4447
13809 6896
3087 4849
15617 14094
1113 10858
3526 4174
1013 8732
263 10397
5376 2501
653 15843
6011 8171
11484 1745
13725 11700
13500 3262
5254 15342
11075 9881
3771 3210
628 1753
6322 15360
10676 13331
9879 7010
496 15788
10718 10977
7852 1772
7007 11623
1722 12641
5177 9688
6007 10731
3221 10255
2849 13265
8492 6356
13884 1810
11584 6263
8700 404
2180 3796
796 3180
1683 9898
15524 605
14078 5670
1929 1820
1580 3089
9715 12762
1710 13364
15956 1773
12968 8717
13647 13791
15465 254
9294 1839
15824 2655
9666 7533
5779 13286
3307 5488
11131 7596
425 12365
5389 5093
4360 11915
8457 9804
9768 5197
853 8329
4638 12449
13915 15532
7000 7833
14246 12930
2718 3375
12013 3254
14899 15119
15440 4618
14251 12084
9541 7232
6188 11787
15564 2904
13252 10901
2141 9024
10965 15287
3415 1660
9323 12239
3363 15197
3561 3448
6375 3405
9182 5261
13397 7052
3518 9478
15334 14283
14373 5373
13135 10292
6213 10916
11031 12852
5587 456
6944 178
6665 9716
10091 13961
9179 2444
14298 3822
999 10898
14672 9683
11621 7238
13328 6378
8770 3352
4879 2346
5000 7855
12872 8282
15537 1525
10243 1271
9530 10821
11301 12408
11989 8342
15553 7279
13235 3224
1204 1626
9909 12530
9276 9222
4798 7398
751 14169
4363 3612
1405 15873
1865 2991
13099 6672
1782 3336
1928 8704
983 14856
8400 13639
5544 6384
14125 4216
6568 15421
11670 364
15674 4443
10818 12526
14380 344
14373 1484
10732 7192
13751 14931
8536 10126
929 3342
1937 14444
13545 14149
11348 5619
1021 191
13103 7064
5570 7525
2552 6559
3899 2173
13489 5869
6734 956
3113 156
10457 2306
4653 15068
6267 9700
7609 5444
4832 3084
7029 9880
7437 8975
1817 5945
7237 7743
9349 10481
12943 8261
11489 1407
6925 2249
2359 5866
12892 13734
9493 2079
3653 12431
6912 12703
14933 11742
9509 11438
14065 14650
2811 8249
8871 3710
10456 11327
4636 4395
2029 4764
3357 4817
4356 12152
3480 7507
10235 11442
14138 4979
11371 2496
12831 7747
745 14543
2654 14976
1002 826
11699 6484
9703 5142
3140 8511
14620 13405
11367 4693
6787 7047
5182 11997
1047 12252
15535 15397
11188 10604
4168 7153
15274 6086
2745 5600
2058 9437
13052 14027
3921 3654
5799 810
11419 1263
11492 8074
14650 7320
7329 1803
7984 212
6083 5879
3359 6561
3773 9803
9710 14944
10755 13508
14111 867
8701 6356
1026 15721
13832 190
11634 8659
2886 354
639 11726
12275 6243
5204 1183
8762 10418
5573 14869
6076 1346
12062 10492
13539 12113
11777 11918
10694 14846
4799 2167
1453 14534
12068 12986
9180 5142
13356 11682
7452 1519
2258 7270
12922 5257
11749 2761
10106 6685
9624 15927
2124 4838
1149 6746
732 9940
12544 9490
11953 10179
6236 1258
1689 2922
12430 5599
7350 14092
3127 7905
3061 4048
13533 4724
5888 526
4124 8669
8470 6504
14756 5190
13593 2178
9792 5151
12871 11487
4242 6417
6259 9462
10486 6328
761 6613
7512 5508
5531 15719
6739 7521
13429 8119
5831 1461
15828 368
14932 2481
2385 3735
3447 7979
8225 15038
6125 13096
2662 6123
97 2007
3480 3842
734 6589
512 2174
10377 178
13424 14090
7242 10753
7531 9313
14053 10504
5699 3733
7857 5125
4676 50
13225 1867
6616 13016
644 2784
4328 12942
5550 14206
9252 6168
1109 15441
5880 3773
3810 589
11131 10515
1706 6046
15144 13462
2283 12504
13690 2252
5608 15563
11188 5349
6220 6474
614 3324
5301 14174
15842 2621
9411 8197
5568 11482
3642 8278
3886 12998
10092 3414
3478 15440
7956 9475
633 14391
5675 4345
14381 7328
9072 7009
251 282
11570 12261
2061 9843
5617 14473
15604 7214
15361 5245
7453 11109
7141 14546
1038 15737
6493 8250
1419 3383
10773 2193
15860 7662
13770 15993
15485 15449
13179 13127
13557 13520
12638 7951
13183 4498
4554 14532
11445 7788
15199 10282
12669 12635
14250 13960
15296 10497
3173 1444
12969 6659
8564 8184
12934 13960
3897 3132
3617 14653
13392 13376
8949 14112
12207 165
3199 6053
8941 1538
10517 14891
9484 11874
8945 7706
1017 12317
6005 7613
108 799
3713 12133
13995 2147
8477 1771
8839 11799
5814 15505
825 10902
6998 5527
5412 6868
7769 2656
15252 7711
9793 15331
2763 5813
13881 15878
7743 27
796 9681
14464 5959
4865 15848
3541 1497
62 8868
8955 3476
13248 7951
7009 11711
13734 3482
3807 7970
14166 1429
6888 4776
49 3500
11318 9115
2506 7755
4130 1041
20 4143
2173 12345
7482 10160
8523 14829
3517 5447
4043 6992
8293 137
4571 15760
12629 996
10541 507
1653 15612
1649 8205
11742 2343
14016 12456
10990 13564
5724 904
14857 14760
3281 6727
1341 3245
2830 334
10354 8342
327 9829
9720 742
10546 7525
11915 10508
10536 6322
1685 4920
5287 15620
5484 5086
322 5989
3995 2757
1958 1993
6342 15932
4706 4468
8169 11285
9220 3998
7992 13493
7211 529
11670 15484
4597 6184
9348 4069
3677 5217
1109 1342
12310 14805
7997 6385
14813 6397
261 7268
8238 9266
7286 4475
8488 3700
13341 9894
2134 14874
6841 8626
2831 12016
13374 14390
9202 4244
3388 5390
6402 3873
11807 9383
13919 13333
13038 9990
4561 14915
15566 7166
5409 12669
2368 2778
6356 14583
4475 9973
13341 15085
15810 15286
11915 2523
6076 7300
15732 5132
12801 12833
1024 14419
5074 6848
13404 2234
1961 13388
11048 3166
15771 10114
15030 9847
15209 11721
9487 2099
15413 3616
11967 13119
14962 10646
688 4294
4904 8427
12049 3386
11832 10105
14446 4712
7759 12320
6348 2531
15953 7212
13992 12844
1194 11131
13703 6305
4518 15583
12988 15079
10763 4716
1846 9381
4523 11762
8746 12210
4702 15643
11823 9274
2017 3410
9332 8763
2948 13101
5788 4512
5567 211
14521 8285
4058 10002
2664 14617
7875 4261
1533 13685
13473 10484
11704 15040
2492 6485
11402 9087
1487 2522
1945 6196
8961 8982
14671 10793
8113 12861
4548 11350
2149 13794
6511 5962
10336 2749
765 4711
7330 1438
7674 10219
3647 14732
9580 3781
5145 4633
3225 8625
34 11248
13589 7102
8440 15635
2678 360
2676 3005
8639 2351
5854 13726
10602 15313
12482 10232
2633 14545
8663 12870
4797 14884
2009 8056
4254 4734
2730 1455
7319 9097
9885 5803
1325 11060
13079 5193
12129 5714
5297 2052
4810 1746
15220 12046
5959 8423
9599 12666
14854 15137
11806 11413
8072 4520
9865 1928
2378 2773
11611 6899
13745 5569
706 5857
10863 3695
12898 12031
9297 2056
5753 3445
8715 14
10411 10971
15418 125
235 6249
12797 7382
6682 12782
13703 14528
5601 10504
379 13764
9684 10359
1858 12501
7221 8473
8281 829
2396 9414
4859 10000
11286 8429
9859 14125
10281 1285
8508 6094
8885 299
15388 5147
611 2583
8216 10829
9061 12651
12670 11034
15629 15364
14135 5088
3474 3641
2706 6800
5879 6269
645 14300
14897 1467
12391 13014
3287 13294
7651 6635
10808 4733
14697 3647
5589 6899
13910 3907
6364 2700
13513 1146
10739 3252
1952 9016
5186 8079
2675 7232
15091 12858
14353 5060
3324 8344
11612 2895
4550 14807
14040 7453
15326 12585
1852 15041
7008 1759
12693 5861
13002 4575
3769 9991
7521 13741
6373 6467
11253 15638
601 13690
6981 2346
3096 2446
1620 11615
3430 4867
7405 9362
4502 9915
11603 9373
5847 6160
4793 588
8705 7357
15610 10898
15944 13840
12442 10262
14735 15755
10635 9306
9569 3455
7288 12399
13141 8990
3173 15743
7231 9653
11960 3286
1732 10899
1761 11027
12567 9318
3478 4607
13703 10134
10262 11664
12871 11165
459 1588
12415 3140
4628 1196
5858 12863
2486 2400
15702 6642
9950 5344
1486 4951
8187 5815
14848 12259
1830 5115
743 114
10467 13766
12766 255
14238 12309
5510 5735
890 15175
13141 2647
12103 2094
5250 11454
15473 11096
9293 6085
4464 10933
10428 13611
11546 3275
10284 9927
11817 2956
6182 7100
5780 5504
471 15261
3878 8568
10325 4488
5202 4941
270 14590
14015 4912
9937 10845
10768 14673
931 11352
268 14729
2345 1797
15124 2206
7096 6535
15887 8149
116 1446
3579 8680
947 5027
10629 9269
4956 15000
8697 5064
12553 14813
15855 11406
9017 13198
9647 3801
9098 2451
15927 3473
9776 3107
6434 1304
2827 11377
899 4335
8830 3954
876 8193
2158 7214
13439 4197
5510 5194
8028 15713
5107 4957
355 6690
9788 6167
12969 9153
12146 2301
12473 2068
13183 9308
357 11738
802 4212
2612 15509
15936 5332
2668 1708
7277 9627
9847 10505
1851 11536
9990 3693
13796 8545
14355 2550
3634 6803
1125 2251
1644 13264
12258 2466
5851 5040
9535 5221
8729 1386
6457 3471
4370 3765
5497 13251
15920 14389
13643 9198
5299 5933
4594 8846
7026 11440
10311 10141
1711 11986
4482 14468
2907 488
2739 11955
14062 6986
11877 11569
1867 8782
14776 2936
10898 6194
3461 11846
13405 14591
6909 14341
14910 15126
15547 15042
14787 10844
10621 6424
9874 6039
1789 6270
8217 1924
1136 6835
6114 7746
12968 10565
8483 5681
1004 11504
7524 13725
1446 11657
5828 9332
11952 11844
12148 10631
7775 4941
9029 3376
6167 7220
13553 10824
12784 2046
558 5732
12035 1008
8753 10043
9116 13519
3350 4081
11902 11344
8398 3256
27 6966
3968 3677
2743 9969
13785 7640
5183 10897
10881 1015
6638 14722
10377 10739
308 15893
2404 5007
4176 9413
8801 2633
6348 13675
6227 13761
14681 2358
1299 10430
1107 4705
10654 11442
12502 1767
10111 9743
9627 4381
9330 1373
2457 506
4301 9179
13226 1994
4405 2040
7060 15107
1581 1807
7641 6148
4765 6615
12249 13850
2001 3644
7086 5300
3014 5597
14849 5333
6564 12186
239 6453
8952 6175
4036 315
1301 10661
62 13639
8738 13997
15959 8601
11786 5316
9920 2585
11926 10058
6997 14472
12637 4335
4109 5807
2642 4709
3242 2238
8160 15718
9446 4676
11506 11192
10156 5638
8056 4868
4643 5536
7650 14251
7830 1407
12552 13504
14765 4775
8097 9177
4561 1613
6822 9901
10067 7483
426 11690
1264 3276
3286 5451
9140 12432
2449 1510
1429 9340
15934 10188
14812 3525
4882 4621
4863 12588
10194 14645
1873 14944
5059 9567
13250 8486
8408 11638
2941 9155
13410 3486
13154 591
6231 5928
13538 7608
12254 10350
9013 3300
15626 6686
10208 9548
14145 11691
2889 7738
8305 2162
7762 7165
9580 15894
14617 3483
10664 14675
571 3928
10572 3568
3469 14377
7108 1837
1877 6783
14338 6278
1725 4863
12271 844
14501 7727
1300 6396
2091 2041
9259 1993
10792 15513
12883 9131
9714 825
5541 7753
10937 6339
13432 14305
3476 9182
7846 3378
14484 4491
14146 3186
10843 7642
4138 4967
2459 1117
7181 3462
6393 10089
4294 9123
11836 6085
8645 157
11777 15165
4892 13721
15097 15305
8295 14916
15277 14184
9561 9619
10585 1751
7683 527
7868 2005
14204 2237
5332 13694
3306 6259
983 13558
9294 5319
6123 721
9018 3646
14484 14612
5545 7250
14410 1264
2988 4407
12048 3475
14776 11818
296 8016
8186 15689
13727 10866
12954 8116
2470 13469
15196 13225
702 129
7593 4298
12671 9191
2273 13237
14677 11372
9451 10832
706 8118
5586 10386
14482 8008
8516 10013
8922 3079
2671 10076
10411 3331
7493 8601
6229 15475
1052 332
3995 10402
4743 12107
6042 14486
3313 9948
7242 5980
12604 5626
13432 1604
2264 15374
11156 4852
6121 11268
3179 9535
15244 8534
15478 15542
2279 11933
5701 4662
7662 147
10921 8938
2009 1815
458 13607
14989 2213
4303 12994
9284 11012
3540 7979
13528 2212
9258 13383
14864 9169
8665 4030
2524 4455
4769 14602
14134 1174
10558 4031
11948 11737
9602 13333
14273 1214
7086 15030
4935 6379
809 11608
10946 14862
1957 280
257 15861
14470 3623
14453 7945
3979 13715
2937 2449
1105 8441
15053 7658
14519 15969
12580 6990
8690 9259
1595 4464
9102 4479
10267 7753
9292 11428
12324 15401
14026 2896
13402 4838
15439 9568
10675 5676
3070 9979
1993 7140
754 12413
14879 7849
10232 8775
13160 582
7801 15120
12003 13299
6819 9052
10128 6859
6911 11074
11291 13942
14902 1717
7750 4314
7474 11785
9024 994
2478 69
1421 3846
4696 4227
8708 3066
11909 708
9138 11039
8688 1921
13805 10349
1777 661
8307 11629
3358 1271
6569 12582
2251 895
13014 7914
9918 3447
9503 11814
7159 14022
12956 3446
3790 4648
13264 14215
13468 15462
15554 786
2435 3665
6577 14015
9722 14466
9699 9270
2089 15437
8737 7291
299 14586
6569 10864
7348 1140
1820 207
15505 14437
12242 3963
14429 12301
10326 6912
9371 2117
3359 1080
10206 15578
2406 6353
9618 7636
9313 2992
10230 2026
8561 9927
13876 15063
11002 345
14987 15644
10134 5165
331 2361
7795 4737
7261 660
13284 13008
483 3304
8162 385
2265 8004
9666 10632
11792 15581
9508 4081
8856 6936
3909 13861
12985 11885
8044 7029
5729 3661
84 6606
9451 14887
5892 6910
5987 7288
7207 14302
8686 8704
257 14292
15095 10115
12796 5063
12107 8021
4748 6835
12926 13212
10101 13768
6890 1711
15874 1343
9006 13156
14714 2532
11963 10590
6762 15805
1630 7877
1290 6111
10086 7085
1766 5055
11294 9875
5643 4
3659 15473
7602 2766
8036 9801
13880 7793
7254 13153
15650 10397
13990 5780
205 1594
5695 2331
3052 12886
10610 1420
8279 254
7842 14384
4073 2021
5490 10012
10430 15066
10265 6260
14578 9595
11673 13233
13590 11207
4658 3373
4302 4604
6185 243
7773 11536
5544 6761
9183 11120
13708 9338
3919 7919
15061 1467
3352 7196
12214 8006
4030 4236
12162 14163
14842 10351
8464 7786
3774 7433
15732 9939
123 13052
6606 10164
4337 8488
2790 741
3453 7774
15823 8859
9453 14018
9030 7093
3813 2773
5587 11013
12791 14214
10608 4426
7746 9797
6846 138
10481 8793
2678 8913
1529 3364
8561 11295
15230 4171
12036 14617
15287 8276
6832 5222
5326 9888
3989 12777
742 7524
14585 10833
7069 7018
5384 14131
12609 11857
12108 14063
482 10718
12590 4338
14949 3549
4343 14286
5701 308
4588 15364
14868 5139
5510 10903
7520 10667
3608 7453
13578 9230
5550 208
13852 9511
4624 2803
8588 14106
2452 8131
6737 9257
4236 7852
3604 5800
10017 5034
7840 14409
15813 2243
3916 14116
10776 13577
1059 14902
8687 8812
9085 1948
10996 6018
9611 748
15376 731
8739 9201
12613 6484
12448 4173
15065 8740
1449 8100
15947 14915
1319 726
6703 9404
5872 13409
11549 11206
3941 14536
3070 3512
13051 5524
7739 13461
7800 9008
11237 10937
9407 4181
1555 8688
5286 9283
10834 15270
6811 11082
12981 2819
10015 6057
14506 8762
9326 9053
6481 8770
3859 15826
5733 4431
4378 8811
15457 12623
8181 12573
989 13039
11474 14943
11701 15378
15417 9246
10095 14835
12396 12206
6429 4654
14681 1038
9717 11492
14608 8607
14973 2786
13279 9036
9023 8558
14661 14373
6185 4456
11949 7947
4909 8877
14217 11984
9231 10372
15757 15732
5928 14156
8661 779
6211 6443
2772 13848
13382 10726
7433 6009
9860 12020
2029 12195
14919 2153
10820 8507
9815 9473
4726 9991
12032 4423
10100 1937
1887 11335
6920 3533
15810 2930
3690 15622
9642 11235
5513 10740
4015 8511
13395 15523
7906 11439
15852 2200
2991 3283
7955 7536
7818 12576
4065 2239
2566 5669
7752 1159
5808 6187
11067 15697
8763 10183
1988 13958
12139 79
442 6066
13259 3497
5950 4479
15213 4719
8829 11160
1803 1343
7086 7575
10332 8362
8134 1163
41 6938
15006 596
11953 8339
545 5373
11168 2801
4900 9343
12674 2354
13007 10657
13860 7967
7685 5735
10334 3788
13714 5129
5586 1976
10811 13329
4489 13385
1664 5365
9435 15643
13537 9209
10484 10579
7116 4468
3356 2946
9707 15632
11172 9523
7482 11551
4911 15316
15341 15192
12277 13049
8854 8578
13888 3863
13307 6422
12323 423
12074 4553
4348 7609
2833 12530
2143 11588
7779 12412
9519 6191
11556 14475
1164 9218
572 8881
9465 9613
10524 3519
14097 9166
12994 13987
1979 3876
1758 8863
3902 12304
15352 9073
8337 7061
14857 5585
8338 8296
2757 7078
8950 8135
7452 6673
4590 7603
12413 6656
2377 9771
14173 7178
8186 13467
12591 4000
7865 11616
4231 4876
6711 13155
10702 9032
9911 7479
15938 9267
12462 1154
12430 9691
6652 6006
10482 12100
238 237
2061 8439
3817 5423
15891 7722
7164 5101
1239 13472
8432 5201
10502 2493
6200 5177
923 13746
7812 14830
1907 6827
5291 1731
4584 11307
12486 8618
15236 5336
10930 2207
405 14747
14841 2973
6571 7545
7715 11788
3105 3130
2279 12910
5441 9639
4460 10938
7424 671
3535 12144
4745 13460
5799 13155
2432 10886
6033 2441
4135 6391
5644 4656
1614 8130
3501 2023
10009 2832
15404 13163
2473 1538
10211 14766
12317 4755
5375 15343
1511 12306
331 10556
8110 13632
15170 451
5858 7455
7543 9414
10977 3051
7269 15269
3354 15014
6020 11878
15107 228
1731 12851
6116 14779
5945 902
2019 13508
13335 6299
4042 14127
9490 3748
8669 4630
7764 1813
5547 5109
12977 7045
11460 9609
1091 3042
14687 7491
8524 3284
333 4781
10075 14603
1855 2067
1968 9795
1072 3708
12334 12699
9318 11751
439 6585
7595 5278
4623 5438
14477 14500
2820 13669
1769 15929
7442 1963
7298 7868
11450 2072
4696 7016
13146 15723
425 15245
3008 8080
1088 9354
12454 2133
11898 14440
10448 5064
2246 11997
6294 15147
1532 13805
8923 14946
4527 10292
14168 10625
12687 4545
7127 6950
6067 4268
12211 11683
7698 5762
12292 15229
274 11017
10520 12880
8602 10660
585 2239
11295 12070
577 6600
7591 7137
10308 11801
4085 3901
738 14290
13794 3058
9026 2257
5903 2368
7898 5883
4431 4734
14084 2482
9148 8377
6782 860
1706 4307
9899 11210
4336 13692
4614 11854
6227 8269
7770 12731
6405 11811
5883 334
266 13566
9094 7264
10207 13378
5266 1933
7054 10920
7097 14037
15904 10152
5681 8074
2154 7396
10721 13355
11967 5913
1472 8764
13616 15069
14878 100
7130 4132
6244 14400
3311 2285
12808 8994
9927 2831
5124 5529
13257 1177
14712 7171
13914 5833
2665 4222
11995 11526
7034 13112
1834 10006
3593 294
3028 2967
3564 608
13359 14453
7770 2728
8615 9142
4300 15252
7398 9474
12167 11785
98 6670
11390 9386
10356 7479
12051 4059
13804 7036
3623 2900
11599 3271
13301 4251
14952 7108
9388 1720
13700 15544
13848 2577
1593 3900
6872 3523
3810 268
8783 11692
14061 6467
6905 12296
14524 2493
5039 4663
3749 6441
5633 1417
10790 11915
1538 877
14395 15888
8975 15682
12154 8474
3957 2447
5425 8647
12645 5407
2246 15796
13456 15049
15237 10351
6146 14642
13275 12443
15812 10028
13102 6749
13361 1780
8506 14272
7469 639
6394 10641
11203 10374
1954 15498
11999 4371
14406 6206
5631 11843
6609 12636
7934 990
6414 13392
9503 11359
3330 15242
11822 11218
3529 1180
879 11136
15611 10147
2803 13082
10209 10342
1459 8476
5003 473
5783 10175
15645 7472
7820 8270
7912 5603
9583 9072
3633 11353
14840 3376
4312 13112
2551 7515
1028 14965
8234 10007
14984 3679
8850 1318
6626 4414
12651 947
9069 8013
4295 4751
6798 3804
6563 5604
1421 15302
7951 5765
185 15162
12759 3499
6761 13392
3311 3798
11233 7042
10657 3340
256 10933
10764 13660
12092 3764
11721 6023
13125 11288
4901 1521
13240 15257
5730 1460
11900 12451
2052 9997
7136 12720
14905 159
2424 13480
6 1206
8516 14558
7111 12581
7410 4086
1312 10195
9201 13870
7179 10025
5632 8577
1779 4322
2108 1424
7641 3960
4283 10458
440 13653
10710 15334
7760 15208
15330 10905
11398 11939
10500 289
4141 11285
11785 9739
12171 1848
11723 12299
3833 4736
14779 8535
11994 15051
5590 12935
15325 14966
5903 12895
6560 637
171 12790
8228 7054
12096 70
7522 7125
577 14418
12632 6505
8621 5488
11557 3865
9369 13511
2453 66
8924 3522
11569 7066
6086 3122
13136 15931
5431 12822
3619 15787
8381 1761
5485 9086
12447 5828
11542 11908
5841 15364
11577 9562
2256 13058
15891 13975
11559 8427
2299 12794
1777 12065
7371 9893
8240 8589
5395 14733
8283 3877
15164 6912
4521 10761
12745 9377
8901 3003
13667 10906
1612 7697
1833 11753
3717 1987
15493 14865
7849 2306
4844 1945
5967 3776
8505 8746
13736 13295
5503 9316
13216 12113
8673 13721
13221 13373
5764 11940
12992 9127
10484 6437
15295 1273
9780 6427
4355 14194
13229 8019
6007 8381
4797 11003
10265 5813
3372 1754
7347 8272
7063 4209
13970 9226
7560 7853
6836 8598
4496 7165
6499 4543
317 13683
6763 8417
7665 13128
2449 7410
7098 11041
5755 5400
1525 13970
4113 15730
8447 6610
12340 8592
10010 8442
13970 2133
5775 3958
15038 536
7269 15331
11302 2789
13639 2237
5755 3352
8478 10684
12569 3573
15262 1430
8678 5288
3220 1434
11097 6585
14958 14891
4641 13433
10203 7084
10950 1176
14029 14619
3923 15926
6501 14073
1668 2244
5761 13133
15899 10224
5755 6539
13656 2031
11585 11214
11588 4435
7269 11092
10050 7946
7584 6296
10144 10984
1860 10875
8457 6890
11651 3732
10101 12589
7721 2948
8044 5557
9122 10377
14436 1579
18 6974
5263 8002
11851 8843
5455 11493
6790 1432
3654 8866
8097 390
10182 7250
143 5270
2956 1228
5912 5506
6147 4804
10161 7964
555 12884
14737 15148
7728 12370
14103 12025
5411 4756
6928 8412
7926 282
6571 7832
11437 4820
9149 6171
7458 4919
1183 14301
8678 11545
10440 2682
9350 8669
15625 11851
11505 14849
9819 8120
8371 7684
6234 12032
7731 10866
6443 1455
9726 13317
11929 6907
11704 14766
6739 352
14094 9733
11845 4841
8746 14017
13976 11226
4777 11083
11980 5395
3069 1007
14672 14879
1640 13894
11562 242
5034 12762
1515 3888
414 15341
