2646 4095
5051 8061
874 8831
10697 9142
3941 8255
15839 14835
5374 1087
10857 15800
15431 3785
13595 2165
3534 10614
13927 1667
14772 4289
9983 9476
1113 9147
9963 13197
7191 6432
6832 11027
8590 15065
3801 14371
7975 15053
14913 3559
11772 2733
4652 12114
5359 2756
125 2974
10433 5335
1949 713
3435 14773
526 5071
12251 988
2303 10900
5766 7098
12229 15517
4042 10521
8378 5760
5251 8503
6606 3093
7087 5654
14975 10170
13772 5835
5103 12150
900 12039
13980 2210
8509 4698
2285 7534
260 3652
13313 2888
8225 14137
3030 3437
6841 15718
2206 10976
12904 13771
14400 14870
97 14049
922 2553
2540 10944
34 10849
4100 14181
15479 10100
14737 7626
12147 4406
13873 7775
13594 566
12685 5394
6753 382
5436 12563
12474 1517
1572 1893
2933 13826
12332 4216
15040 15781
14439 13217
9231 6872
15192 3100
1788 9538
308 1379
1273 11910
7837 1135
6033 4305
7229 3790
11976 515
5530 13943
14040 2828
10915 12259
9901 2576
14606 2922
11279 4830
5006 13349
8205 15733
8881 4743
15152 1666
12173 10684
61 4800
1272 10521
14344 969
864 5957
6004 9097
14214 14735
15040 9824
8937 59
237 7919
5165 15984
8207 10073
11069 4384
10527 8475
12816 13380
7061 561
8294 5593
2558 14313
15085 4934
12319 15826
6747 4613
5885 15229
15418 689
7335 9269
12101 6550
9923 12066
5117 13878
14418 1688
1418 3713
13143 3146
682 1079
9862 8330
12572 15637
2741 4553
9061 1921
6387 9181
8906 15296
14814 6401
863 10724
11580 5023
6605 8252
9895 160
15935 10041
5744 3094
3514 7930
4112 11166
505 12310
13168 14482
4491 6762
5204 13998
9159 10112
5464 15729
14814 4011
13289 12649
8448 6026
15947 12290
882 7392
11052 12775
8293 14171
11127 15822
12530 5810
51 2139
11720 6533
10308 5211
11801 1141
3446 7368
15479 750
11183 1261
1216 13877
14028 6037
13563 5558
12095 9327
2244 13950
11390 12072
8797 12892
12205 12466
6750 15836
10648 4163
15278 4588
7134 14073
15251 6765
10019 4115
12307 1349
5356 14753
10275 8571
14175 10863
1172 2557
5183 7477
15508 172
10904 1340
3392 2636
10290 218
14305 13052
4566 6832
15898 8396
3506 6777
5885 7272
1411 13184
13150 1650
10780 410
862 10263
12945 4751
4747 10291
4130 15898
5187 9383
4492 9712
5843 7786
8473 8706
628 2780
13990 10679
227 9822
9559 3571
5849 3025
15177 3305
11544 1876
11565 8647
7004 7636
8391 15907
1096 14747
2795 2094
7441 801
1084 3954
14370 5978
7563 7680
3094 15620
12103 15001
3587 13189
7423 9674
2701 5121
3729 5328
10887 4588
7187 7838
4314 14406
6799 11485
13860 7615
3594 14593
3403 7014
4498 8586
3953 14017
10199 15943
14358 8638
5982 10815
6343 7209
8230 1430
2130 3242
8608 13088
14807 5692
2949 12846
4472 11193
8132 6008
190 2112
11341 15483
15741 13674
2671 1967
3407 9661
6021 855
12567 12766
12669 2158
7370 10323
7789 14429
1366 12221
12472 13738
68 1591
1054 5862
1237 3755
6972 15433
13651 1723
5339 2539
8046 4921
4368 9716
15897 13719
14454 11853
14391 1993
15664 3462
7213 4766
14843 15878
10316 14032
11077 7052
8597 616
8895 4665
12041 3074
5506 13217
4690 9524
6480 10408
14430 6772
12894 2489
6404 7242
12593 2357
11003 3652
9712 6592
2665 5261
2516 965
8594 172
4615 13369
1480 1925
13288 14541
8805 1841
13947 3412
10360 9731
10710 6612
6424 3046
3824 495
15744 12754
9651 11397
1696 6828
3251 1787
12810 13455
5512 15746
8283 15169
11737 15352
8093 14008
12274 14645
7631 4156
1992 6584
2133 13632
9279 4212
8811 7390
13883 12659
2450 11764
1233 1154
12077 10973
838 3210
3700 13811
8193 1019
11733 6263
1387 1357
5750 10730
2460 4269
8951 6197
6482 1385
5581 4920
14148 426
13356 3485
2715 8246
2909 6570
10614 14545
11346 8005
15249 7539
10533 5626
292 10771
4587 1618
9687 14032
13257 6411
15409 15846
6544 14268
12798 9279
14062 3052
6698 6324
10495 15157
3735 12177
1895 15721
6091 5789
12125 1880
1389 4706
1130 14560
1795 6381
13324 6365
10674 11434
10040 3929
7510 4408
15508 5052
9317 7517
909 12384
11943 4378
9752 10810
11062 1835
9178 6336
9415 426
463 8498
3145 7543
15503 14753
2443 8961
5499 12948
2076 6560
407 11431
3022 12502
10179 12018
8630 11425
4697 2426
15587 13159
865 9784
4281 5349
1478 4096
11422 13870
8495 12601
10415 987
14047 7644
8087 4424
8237 6260
460 6773
8073 8861
7140 11147
1403 1631
8917 15309
5980 1463
5212 7313
13695 14062
7267 14438
6755 8210
590 3768
8542 658
5280 15456
13279 14888
11238 13424
8172 1529
15121 12546
2856 15470
12532 10196
5800 575
4876 7859
11651 8689
15210 12343
7378 15538
10831 10053
6834 12528
9014 2751
8137 6604
14419 2253
8674 6641
14410 113
11218 12592
7427 12042
15017 6167
14284 13634
10996 6613
5540 6995
3449 6119
14315 12023
5497 2533
1822 11887
6417 12254
5853 11515
15220 1403
13390 7462
14118 7528
12281 8696
8374 1871
7416 4568
9212 13443
9341 6197
8168 4123
12151 1415
6215 1842
7448 5730
4297 5681
10990 13099
13649 5754
1694 13784
7035 10855
12159 861
2792 1967
15267 7382
4490 6104
5070 10985
7926 10776
14469 3861
9850 14980
14998 1456
5434 6547
14988 8546
11653 15635
462 827
886 2129
10081 1893
4413 8982
2123 10800
5596 9091
4542 2390
8742 8515
15255 7123
7184 3189
12691 5560
706 5203
15581 7026
12777 11844
9048 13013
15218 14593
9242 3255
12317 3766
10805 248
15286 117
6861 830
7768 6969
476 7771
10679 2132
14822 13060
1103 8031
1870 15954
7739 1385
15315 2657
6003 5934
8422 6440
3870 8299
1828 7904
3447 11054
1751 9393
5396 8978
11893 2459
6272 15145
11857 10606
3999 6751
7376 15950
13633 12408
2384 2895
6185 11661
9183 1238
5695 5759
13009 148
8521 1136
10528 11609
14520 12667
11466 15697
841 1150
12256 2350
7122 15234
4171 10401
3159 6189
2683 6377
9390 15809
10192 15278
10239 15996
12212 13984
2655 2079
1483 2707
822 10365
11966 10744
5459 14721
5602 12909
7897 11860
14554 1611
5507 15263
8325 7900
14809 4960
7522 6660
12731 14795
11226 7980
12971 11594
7906 11837
1396 14535
1637 14568
10590 8673
2572 13586
12874 6481
3790 7233
6987 14176
1741 3160
7163 4593
1698 6790
14601 970
9912 8754
12853 9122
15019 11918
1729 15977
1243 8043
5495 11010
7950 13319
6818 8338
4092 5501
6026 7779
8676 12194
11968 1447
14497 15680
8993 3035
12338 397
826 14791
13640 12265
4824 4317
9661 6147
15611 5738
9318 14737
9438 2129
15853 9785
9704 2939
4112 14019
14724 2594
5237 7505
12697 14200
944 4836
74 8690
2078 4016
5514 12209
643 9168
2699 880
2375 3942
5169 211
10152 4506
10173 10617
11556 11204
5229 3249
2392 1634
11820 13899
342 13239
11793 13778
12645 13439
13628 572
10085 9532
8161 15144
893 4685
3934 7569
13119 2233
6773 13202
12888 5015
959 5768
2480 506
10091 13108
1452 8156
11764 5529
15668 7581
8120 6787
5215 11723
14566 805
8616 15483
8256 4129
2791 7822
3713 11549
1097 10496
5283 3378
11621 6166
13674 724
2411 8632
3626 6763
5598 4578
4324 5395
14960 11283
2327 689
11183 14417
12376 7162
5167 15623
7417 3169
7753 10411
9150 9988
11466 8833
2442 11873
6529 5218
951 4320
5454 7529
9968 4318
4199 14977
6810 13110
15474 5045
11699 10795
8105 13390
1491 13389
14128 12342
13767 2193
11964 14946
2610 14806
6118 427
640 9177
7281 15773
13326 991
1256 15272
3546 12001
14504 4602
9536 13067
466 863
8502 10105
12602 3372
2901 9088
1132 6447
11274 12880
7582 2896
1470 8478
7012 15272
13707 6721
12818 15764
8178 8551
287 261
571 7541
8810 12811
176 10253
10167 1397
11252 3458
5474 9952
8902 4840
13487 11261
2953 3591
7579 8216
6637 12267
8480 11509
2925 14920
4176 5291
7404 8048
9423 6267
9363 2075
7147 1811
14646 8365
9061 15470
14609 7210
13076 1889
7718 9537
1568 2727
660 12210
2285 15755
14596 12519
7207 15335
13019 2005
14851 15515
1169 6433
3768 5857
9671 3546
10070 8429
10371 7622
14013 6090
3205 10566
2087 1692
10358 13349
1588 7464
15869 8070
1882 14776
1779 8817
1201 9127
14415 15652
5591 11073
3055 3777
8349 13504
12187 15644
2658 4634
9703 15951
1665 8856
15548 15894
415 448
7551 13794
11169 6166
13620 324
14906 14732
5940 2191
440 1457
792 1996
7104 11565
496 121
8279 117
7919 1506
1180 10763
4761 10041
11226 15442
9365 1730
6019 4459
1430 9473
7873 6528
14747 11203
15660 8926
12891 51
13340 5196
13580 14870
5226 5324
7755 13347
15556 6611
3632 15584
2188 15864
8057 11251
3029 4479
4724 7733
11940 5351
9200 1067
10425 493
3015 3020
1562 15027
12809 8053
14663 11611
379 13163
3748 13680
7091 10464
11975 11831
5472 9992
11621 8892
9693 8256
10488 2104
2839 4276
7895 2357
15837 10289
2075 9101
13661 11462
10815 14630
8184 11112
13615 2171
10347 12237
12137 6456
7873 4960
10580 926
5382 8466
1677 15444
12287 10252
1863 13683
8343 8638
2906 703
1604 4457
14930 6648
2431 8165
13157 9328
6427 3099
1439 7208
11822 14676
8731 11962
9385 10868
2354 8177
5864 15828
6732 5318
11061 15399
1048 3761
15844 6950
10320 10442
719 8596
9890 14321
6800 2908
12858 13534
14656 12426
15273 3892
11569 13174
15423 3636
4477 12769
12024 10810
14752 15849
12450 7896
4133 10809
13256 7241
8866 14655
10920 8123
8136 10888
1479 9232
14927 14640
7474 14183
5321 14516
4558 1621
11286 3181
1181 10371
7965 7445
4647 11948
4174 5975
15040 5920
12673 4190
8995 11150
9083 9705
515 6787
1283 13237
15754 7254
6195 7270
8225 12270
10909 3626
7383 11754
3309 14440
15090 10190
4364 9144
13177 11761
11607 13813
14693 6175
3864 3852
4407 3043
9003 11676
2409 4714
10239 2708
7934 1444
7794 12251
15556 15509
12452 13365
15678 7631
4228 9203
7856 309
9848 14588
9527 6925
4408 9661
8519 8082
15458 11303
5682 11532
11239 4538
11296 7319
13192 10113
5965 12527
13565 7402
10274 2954
15941 13775
12420 3842
3751 11220
8517 7551
9014 6753
1760 14947
6200 14509
3392 11911
11824 4279
142 4521
15608 6951
11642 14935
14328 5665
12043 15115
5007 13412
14526 4064
11533 6375
2605 2547
14193 7269
1071 8135
10822 15599
15670 6429
3464 15376
4221 3393
2684 14785
566 524
7831 7759
7407 10385
15138 4285
12885 9370
1485 14571
9999 14536
694 4461
6526 4419
12523 11108
14016 14346
11054 11984
9724 9468
8961 9365
14504 9976
7646 2945
8952 3647
1806 1698
7490 11985
1630 964
15919 15231
11404 11234
8808 561
190 8283
13745 7350
7443 13516
5574 14764
9417 11801
7475 12600
12369 7376
15010 14514
12059 5877
3796 341
9831 3100
11891 9678
3782 10536
6617 8107
12272 3332
2389 8081
480 9588
13462 12437
469 5910
15681 7778
2405 12552
13441 855
13777 8996
6069 6069
7241 10678
1400 12578
14066 9320
2234 7477
14139 14855
707 8842
2322 6222
1214 775
8660 8527
6743 1378
10910 9733
15830 3274
9554 14044
9421 13531
12411 14969
15794 12581
10560 10132
9596 13079
13281 12672
3831 14164
10129 15897
9617 4935
4709 4863
15230 440
13497 3484
5154 11697
3637 1400
12597 8228
6566 11682
13221 7944
8908 9519
15276 1942
3188 14977
13731 15447
12560 5741
11143 2713
7012 374
6734 2288
1621 4117
8530 7910
5262 12974
5053 6178
14528 9125
14779 1442
15269 13468
279 11369
7147 14240
11106 3752
12025 11108
2029 12660
4155 78
12636 9772
1339 11173
10868 2738
1863 2055
6987 12152
4652 1841
11618 13446
766 3870
8774 7789
2712 10721
12025 13439
13774 7456
8175 15935
3032 12976
7722 58
14500 12672
11377 12202
11117 13866
5588 8488
13311 1198
836 7923
143 5594
2827 4920
9896 1384
10713 15995
2352 6686
15122 442
6563 7480
9334 13909
3401 15703
1429 12098
4323 8765
12028 10054
4947 5647
15115 1654
8199 7766
6912 14973
3304 10419
4210 8689
11455 671
2164 5215
15429 14714
9459 15861
2752 11577
1240 14168
12910 15862
10286 4442
7495 13051
5492 15761
7920 12240
4474 3734
6899 1499
3759 2304
12815 10436
1184 11420
13014 5840
3373 11646
7544 14700
14176 14502
9832 5918
1233 748
9582 5530
168 9801
15988 1287
6484 15502
8626 14832
4761 10216
9226 13032
1991 11062
9423 8559
12470 12619
13730 13993
1904 248
10325 10359
14917 15290
11527 4306
15052 1591
7737 1076
7145 5512
6865 14437
3269 9758
10853 11393
3506 5287
3269 13104
9560 14178
325 927
12266 10878
7671 7163
15075 9015
2398 11873
11838 8588
7408 5750
4669 5826
12675 14863
2352 9769
13780 8522
10459 1595
12968 2148
2101 11927
7297 8692
7730 12182
6835 7287
13933 15502
4482 10456
12287 13259
9829 12685
2949 7526
5626 11573
3632 7956
15982 7578
12111 10233
1097 15064
13984 12330
9158 10852
10627 15775
8686 15989
9173 13719
12696 12072
156 13547
11882 6106
7370 5039
3662 7236
8623 821
6558 13581
9811 12491
8370 4906
9008 10095
13082 10516
404 789
2075 6258
8880 1785
15333 2139
1891 12699
15283 2680
8215 8015
15826 3151
11558 11188
3628 2683
10184 7922
12619 389
4273 8103
4311 5864
5523 15978
6117 14895
12317 856
1211 9852
11323 7848
12096 1166
15135 499
9922 3835
8929 7240
3993 13056
8217 15586
4603 2109
1539 9230
11148 2783
9944 13899
2507 3949
11077 13761
12128 14354
3489 10002
492 3968
14351 14875
11221 14821
5516 1210
4971 9957
12518 3432
9292 8784
7474 3019
8849 14681
13171 6663
11331 4772
4084 775
11230 14822
6642 8765
8828 5023
2905 5149
14244 13709
8353 148
15731 9136
830 8653
10714 4666
14110 11280
12725 4429
12677 4792
14676 6981
636 2920
476 2026
15423 4488
12365 3443
2662 11107
8992 15198
9211 10928
4074 9095
419 3079
7263 4929
6404 13730
2713 8689
8325 3127
15258 8931
921 10284
8164 1074
13198 10891
7323 15945
14719 1710
8344 288
5184 9721
1290 4438
10359 13178
13294 5050
6181 3057
13630 14475
2213 7610
9122 10779
13965 49
10387 5165
4663 11481
10607 8731
2148 7186
10014 15972
9126 12516
4334 14863
7567 14343
11540 6907
4337 5257
12636 4480
6124 1163
11852 13370
14581 8468
1007 10090
1804 11843
14170 4004
9975 14935
6367 12660
14723 15162
13744 3249
13033 13123
10828 3642
9394 11215
7462 9539
12106 3741
3458 1914
5076 9116
8030 14515
5847 4168
12964 10164
15711 3037
4203 4906
12863 14875
8594 5180
7404 4319
6784 3184
6867 3538
7543 14031
10535 13230
13538 2857
14370 4823
227 13716
14508 15285
2685 2974
953 871
12742 11440
7946 14669
12270 11078
7480 6698
7490 661
188 269
714 4086
2822 8797
1253 12301
10081 3550
1011 5178
617 11823
11313 7225
10336 13346
3293 1699
15238 8670
5874 11206
14082 12428
4034 10430
524 8382
12689 7331
515 141
6942 10559
3561 2803
12547 1586
14709 6380
1914 15876
350 15229
13082 363
2444 2147
14070 5929
466 7717
5400 13360
3524 5751
7359 8846
7339 6575
8710 11405
4069 13008
7213 14938
11695 13074
8865 13438
8217 9062
635 2236
15005 12705
10704 10807
247 15555
8432 12443
315 1445
9616 12872
10964 6012
590 14185
9088 13980
4991 14577
3336 10251
13990 11259
15926 7182
8549 12244
4084 41
424 8394
14033 108
2788 1066
5521 8345
12973 3392
14394 11369
15653 4106
5041 4565
3774 10200
1105 8569
14026 8603
9838 6459
5252 6219
8135 3382
13720 15544
5282 6384
8034 14054
6287 9139
8204 13685
15089 15780
15532 6435
9360 3357
8168 11215
5404 9418
13406 6425
1337 589
1982 5309
11833 1182
12319 15470
14164 12108
5345 3721
5979 13582
15094 13805
202 12451
9444 10272
4413 9202
4205 13973
15326 13051
13151 4577
8886 4633
1167 831
8073 916
9117 687
7892 10220
7507 9734
11597 9529
11462 9748
12697 8750
12160 2623
2451 793
6066 7778
6288 870
14276 2222
11156 11363
12432 14536
11708 7800
11261 1689
5741 9484
12808 4506
13538 8511
2785 2368
12059 1154
5629 11017
1526 5553
7859 14098
7131 7568
942 15222
8345 7170
7390 8498
7890 13315
14508 6111
12616 14511
2606 15681
14967 7767
6973 3511
14989 8501
13591 13708
8173 14271
2495 5698
12335 15055
4944 15010
3361 9258
15257 9419
15703 2839
11503 114
9747 3249
4088 3916
5240 8967
6090 7509
2315 5988
10366 9193
8882 10178
980 2958
8172 11501
436 9692
4105 724
11257 747
1683 14465
14318 5446
11630 12080
11913 9890
10670 4349
3067 13852
1095 12564
6194 7233
11531 8135
13227 9601
1944 15495
14078 6189
14890 8383
2384 2486
10294 14756
13886 8994
14928 7509
14498 13928
2773 4978
3569 12201
575 10057
3824 372
14444 14496
14595 6559
7627 10960
222 7382
6274 5334
12514 3857
964 12217
3546 10606
15499 12590
6987 11069
12269 10547
12544 14945
6700 7616
4287 5488
12648 5598
7207 14829
12847 10474
6256 11149
6089 15974
7872 9969
15916 2972
14985 5385
723 614
5251 15010
15736 2169
6732 11187
7123 9226
1786 16
1403 6493
11279 10095
11142 2459
12773 10492
10008 8082
15119 7300
11496 2336
12682 8237
185 3816
5011 7756
6049 9681
1633 12622
9475 1453
8945 7936
7839 7609
4302 982
9774 15677
12286 560
9128 2132
12996 3826
4606 11018
14384 8305
8097 12508
11632 12611
1066 5089
11912 13820
5842 9808
11950 12021
7874 4646
15227 3692
9630 5506
14437 7752
4308 5002
8875 14708
14791 5581
10749 9891
15566 6263
5914 4296
15943 8178
581 5322
2625 6051
8668 14252
5849 3832
11991 6118
15287 6830
2028 3884
13289 11503
377 11016
12805 12139
5017 1639
15089 13702
9585 6552
2070 5348
3484 10041
9845 4635
11282 755
14907 7243
14972 11491
13302 11514
5863 4592
6534 7928
14276 267
3690 812
7489 8497
7899 11564
7374 2733
2160 3131
8408 5490
7320 4568
13877 13363
5171 5309
13502 6341
10268 10643
6902 1156
4547 4580
9514 6146
14291 4276
5930 3272
12327 11400
15355 11201
8894 9053
9229 1767
9221 9413
820 11285
2862 2881
15520 1223
2290 5243
4224 2673
2805 7314
5650 8355
5825 15978
12786 2178
7519 11635
8987 1690
4259 6625
11721 7921
6935 13081
15505 4183
8337 2424
14734 14527
14216 6092
1161 3695
678 8389
15667 7201
8818 11536
14890 338
5519 9299
9212 2936
7376 3621
4106 4569
14876 13432
4082 10071
10565 8527
4288 231
7719 8358
15928 9831
8097 653
13336 13574
11951 851
13713 8805
14639 5858
9280 14565
2218 13372
3657 2927
5267 9014
1143 14357
3737 5402
10603 11523
12935 13094
8817 14857
14913 11014
5108 11832
4806 6982
6621 10333
12620 10995
10787 12764
14990 8829
8688 1990
15375 11642
9874 15198
8324 11753
8167 8825
15829 15025
9338 2294
13028 14366
1342 6790
12093 12208
4708 1504
9503 14067
4300 1785
8462 590
4677 4999
481 10968
12403 2551
15997 7118
14285 2925
1552 9763
14624 6775
11850 8469
13096 7659
515 7053
8238 4260
9644 13993
12134 14836
15404 410
11120 14535
14987 1671
15618 843
13406 11794
13762 14543
12292 5839
11563 2719
12656 4001
15798 11760
15330 7937
11636 2546
11387 9772
12169 11018
580 3645
8200 4996
5260 14166
3467 6407
11825 6654
3751 11293
14409 1025
11681 15229
14412 12563
11591 1269
5769 7486
15395 11948
6840 3827
5432 5289
2762 3921
10092 2361
2283 1892
14595 13712
8852 6814
5508 4454
10521 14401
13201 4943
4864 9285
8191 10277
2856 14149
2371 12105
3116 14545
9321 6756
6657 10895
6014 851
9958 13533
13261 7382
7119 7245
7646 15403
11978 9575
13789 2271
6456 8472
3619 14485
4501 12786
8707 9756
14472 7516
12814 6978
3135 15692
8060 3972
11008 2761
8420 3331
4918 14834
5642 13026
11032 6284
14642 12315
7296 7763
1566 11777
807 6380
13491 6655
1526 5174
445 14119
2377 1331
5236 486
1120 5570
8767 9601
8199 7815
11848 2096
6561 12749
10285 15504
13633 9078
3503 15005
4863 1363
14124 687
11869 9634
10207 9143
1201 15003
9173 6402
3979 4889
8321 4229
12920 14093
13729 5388
710 529
1720 1053
13947 1512
8387 748
14232 12120
7760 4107
15460 15574
12602 14925
3329 2333
12154 11385
8179 4952
2209 15966
1135 6139
13435 8433
5616 7698
14299 10330
12606 14202
3911 10600
7241 11422
13009 4939
13039 12521
8758 1097
6917 1480
5452 10780
11084 11436
11339 5481
7408 10757
540 11269
9702 2560
13877 8115
3716 10512
7232 8857
6347 12168
13241 5600
9883 2273
9906 8057
7726 15748
2531 4223
7386 364
6306 8981
8907 9561
3364 1192
8697 317
9054 8030
9984 9970
4406 4174
11663 13225
3672 10482
15166 6571
9374 3036
14728 6153
6244 12787
3072 2157
10379 10191
14374 12389
3359 6754
1339 1368
11768 10408
10774 5808
637 12725
9702 7645
2198 7189
4971 3167
1665 5408
13141 10368
15068 8740
5857 12211
10732 5674
9954 7188
11464 2742
11495 5548
4093 3767
1345 3421
15193 15754
5974 13959
14530 14939
2754 7959
13674 11600
9774 11577
7066 15925
6574 13778
6438 11842
8998 7019
12327 8016
841 5756
13195 7238
5871 11909
11254 10301
9540 6393
14468 11468
4273 12651
1813 3986
5186 10528
4022 1186
9114 6718
4684 4630
7970 3972
3026 2944
5163 13627
8691 12272
9213 6452
15772 846
1610 6676
330 10678
11435 15757
3939 10208
14565 9624
8323 10642
2945 12494
3211 10565
8434 3848
6781 8690
5261 7536
10721 5131
4687 2851
12771 13496
14694 5408
10488 11499
13133 5766
14009 12041
5184 3409
3006 11486
12017 7542
3522 14756
3244 5580
15871 8806
11832 3093
4454 1415
9207 14185
8555 12094
2800 13893
14452 4551
1267 13034
8686 3142
1553 6399
13824 8370
11948 140
5575 11604
14762 3106
9458 7049
4795 12993
13627 3829
2597 1779
7351 4195
1390 2977
6852 6142
7745 4010
7762 472
11775 373
10032 12940
4115 3919
10696 13054
11060 4495
395 6408
11747 885
6153 13861
11773 3639
5572 15120
13460 8924
15361 15759
1400 512
451 12532
9575 5803
8920 4300
655 2465
6550 7628
5820 3249
8107 9195
14159 10829
2015 7766
14428 5716
1309 4172
14171 12764
9714 12592
687 1097
8646 8310
6655 12982
4144 10778
8466 5654
11235 10858
11916 2425
4418 9516
12150 9752
8275 15150
10855 630
5123 13577
10715 9378
6564 8022
4271 12779
378 2193
1399 8830
15268 1631
6247 4675
3434 9884
1250 4737
9097 9919
10806 10117
11382 3275
8182 13453
13037 8845
272 5014
11374 12213
7372 7999
15331 5875
5023 5313
2187 7017
8446 7657
4806 11103
317 14736
8054 764
1387 11303
4062 15797
2570 9033
13379 10595
334 12768
9649 8415
13429 14771
8066 11801
14210 13587
4833 7982
11604 7965
8611 8134
15756 9774
2259 11693
5603 777
2086 2233
12664 6748
6334 5511
3026 6750
4425 9345
3833 11304
8932 7919
5172 5404
8579 4406
1160 13677
15359 10662
11652 1052
8687 12617
774 4301
847 11005
13426 4840
11816 9312
9611 2030
856 15872
11150 5907
11930 1242
3991 14811
12378 15065
6160 11929
7569 3658
5444 4280
6275 11457
11244 8203
4887 7244
4725 4106
6707 1639
6758 3850
12398 1117
12343 8008
2706 3868
12349 11140
5132 12217
8672 920
12780 15003
9666 1829
14371 3653
1054 9608
3710 1002
1871 8050
625 9683
13223 12613
5127 10844
3101 523
3634 8581
12134 14647
15349 6422
4311 998
1859 1933
14319 13879
1127 3811
2579 15360
3682 14557
11503 15140
11400 1590
11215 11806
9548 14887
1605 1436
15589 11581
15141 442
10413 5610
8054 2400
9131 12173
7368 12503
7653 3565
11481 9070
128 15177
3962 8522
10139 13131
15595 14288
7346 13210
4042 3312
8493 10829
3824 11749
7768 10011
3376 8858
5676 10672
13812 8520
15101 8565
11258 7083
9151 12080
4229 14334
9601 15709
8750 14177
3179 9538
15364 12284
1347 13698
1011 1690
722 7035
11189 3019
1021 8636
6707 5807
14142 11273
6382 12362
12400 7975
3589 2284
1776 7317
9784 8803
11962 2680
1928 12309
5210 9160
2610 14340
4787 12235
3660 12592
12011 9316
2726 7500
9395 5909
7021 7549
7941 133
9448 4532
12196 7122
48 13499
4122 12902
2775 3598
4753 8909
11450 7546
2459 14924
2470 8092
11706 2910
7679 5821
8137 3735
7122 1557
352 8605
7957 2438
4053 5399
10307 6117
10641 12861
538 14519
13839 10935
8803 11706
14177 8681
2210 10104
4295 15311
4054 11796
11340 3737
8464 6904
7043 8733
7685 7689
9978 13978
10510 9665
9533 10798
52 11441
15946 910
14680 1658
14352 873
6532 2922
3512 7507
3933 13429
3572 2790
10404 749
12786 7165
721 8576
5360 13093
2800 2827
6097 8170
9767 6431
9812 583
6898 5483
12996 332
13760 8322
920 4939
7324 15607
3842 5364
15313 7751
14886 7862
3905 3694
5417 10791
237 2437
14622 15803
11010 7309
5247 3081
14981 15090
4208 2557
7213 12000
15296 6630
14359 11267
864 6309
15865 4535
6166 3920
12737 14389
875 15765
7048 9351
12644 4930
14638 3084
4476 5492
1801 3896
7867 11223
5376 4537
4292 1721
274 15804
12235 15706
10714 7276
8852 4077
8035 7805
6532 12049
12407 8313
6517 12509
3678 9409
5635 3432
5939 5143
12080 14230
11145 10380
8375 2880
2425 11818
13830 10416
2755 1961
11126 8453
9656 206
1991 1287
3530 3195
7780 245
4349 13276
15520 8982
8049 7493
4068 15934
11038 13474
14842 3114
5520 5697
14610 6542
4935 10581
13320 6231
14700 7912
9516 10616
3724 7025
4048 12450
305 10634
15531 10988
3076 14285
14273 11431
8302 13080
11206 4530
10761 13930
14398 12075
10804 2299
1060 2119
5032 9305
7878 5781
13236 12452
11901 13719
15485 1122
2206 2494
347 7751
14409 15798
13382 1441
13182 2586
5907 5770
10604 9366
13898 3691
4211 463
8575 2744
13854 3660
13827 310
7640 1908
567 5378
7494 15560
9976 3477
301 3437
8115 5992
9188 9841
4051 947
2647 11167
9164 1526
12242 13161
15843 10233
14200 15662
11237 14511
11428 2019
10198 14064
4208 15378
3243 15227
12089 79
9366 7040
12212 1800
4094 10893
12626 10441
8090 15400
5593 2663
14991 8615
11119 10437
13029 12135
5194 9607
10872 4019
9409 4677
13742 5287
8178 1151
1093 13003
7519 12666
1753 673
1187 15738
14483 5476
1416 5113
1888 5412
66 5077
2882 2840
1707 1420
14492 166
14084 10643
9979 9248
1435 14204
15890 2180
9906 9427
12464 11529
8960 378
2399 5653
5102 14493
14220 10795
8365 6812
12674 12895
8820 12621
5852 5194
14061 2389
11960 14435
11359 1725
7943 15369
12385 6338
11847 9793
4525 5216
2666 11338
4111 1033
8136 9336
1177 3845
2789 14972
10250 14007
13935 5562
5001 6268
7220 10080
7296 12867
2624 10752
4844 3718
2548 9549
288 15075
133 8510
15728 2180
10980 6111
401 10878
15784 50
14787 4243
7669 8604
10419 10538
9761 10276
7208 5352
10004 7949
4632 6571
13896 13667
10443 12531
4239 13395
2070 8456
827 5948
3511 1231
7575 1082
6640 1277
1802 9410
15777 11975
4265 103
14853 1947
13042 5390
10827 7953
9628 11674
12608 403
4428 4086
4887 7185
192 12903
9004 2304
555 11365
11056 3859
1806 14633
12026 3245
9409 5925
4567 1645
14044 7940
15953 15315
14631 15207
10688 4829
15337 9382
8729 8523
14028 3876
6672 9081
378 13032
1971 7435
7124 9895
740 10833
2957 7841
7405 4771
7568 5210
10143 4326
8931 11558
12873 12400
3255 4286
3356 11348
13322 5433
1680 66
14820 2511
2203 11265
198 3939
12796 15962
3141 12600
1639 8767
12412 9276
14281 10201
15785 6758
153 14136
10364 8852
2662 5295
5848 14676
6408 9918
14426 11255
2727 4786
5601 10795
6746 7740
8884 13274
10771 14912
15677 12560
11257 1869
1460 3327
4606 8167
15315 10365
4697 13788
11624 3
2284 3101
6323 3428
8652 7599
8578 9497
12133 15184
11853 5830
3884 7287
3289 11801
110 11913
15150 15117
14169 14882
7949 4755
689 15501
10032 10529
14272 10691
10948 9173
8640 10685
656 13343
12522 6295
1920 12314
2761 9424
11632 12660
6146 8833
268 11650
1422 14866
5582 13887
4789 11520
8747 9005
11985 5195
12634 12882
13317 5920
15414 15441
5109 11406
2451 11471
8296 13035
15014 6883
11945 5032
315 10978
9964 12481
10677 9096
2467 2607
15821 11984
13552 7322
15959 5639
3456 12688
12564 5244
8907 5186
9022 11968
14253 3079
1792 14013
9772 4937
12737 10670
4320 3113
7684 6550
5752 14554
7219 13292
6729 7125
3602 9611
15550 2857
7649 12190
7347 8799
3798 15456
1655 8247
9690 13891
15074 12758
1112 2947
335 11129
3096 14343
14987 2220
1623 1511
9016 13710
14035 10862
5812 990
7439 1947
11912 9013
4625 4798
1725 14326
10117 14462
10338 10343
15608 14458
13284 7549
8192 8017
610 5389
2208 1235
14181 13529
10309 5933
6991 8348
10892 2876
4481 13116
213 2834
14118 9382
13446 1505
4905 4625
12250 9074
11217 9048
2797 1581
2467 4576
10789 905
12939 11373
3636 3652
3309 5116
15048 10680
9405 1005
8220 4985
12856 394
15490 14161
4313 9680
13078 6057
724 14801
13646 14967
9854 5170
10463 7765
7030 1692
13811 9130
2077 7883
5264 9433
12304 14654
12827 8878
3896 3620
7026 1891
8347 15195
12942 12231
13977 4165
13491 6777
12824 10252
174 10210
7099 4162
14846 15898
15058 9528
14837 7337
644 8988
1011 2074
9618 12738
3762 10955
12297 5606
15050 2865
5141 11202
2885 4778
11682 1517
7037 3752
4486 4228
913 8364
13949 10517
6078 5541
8816 1871
525 2030
1014 11076
8417 13000
5203 5409
12767 13639
14533 7613
12431 9642
10108 2069
10482 7510
8483 14295
13647 8498
6163 79
13768 2093
12810 6547
10909 10385
11534 2860
3922 2119
15064 10975
7157 10555
11936 8501
15422 13615
7294 11350
5186 5045
9284 15754
13893 15038
15124 7027
11492 8295
3323 1253
5938 11704
10154 4356
8738 9237
12561 246
2891 8934
9703 13920
9976 11918
10300 15121
10393 1865
12918 4856
11138 4416
5027 4461
7546 14715
2965 14977
8970 14765
9835 8421
12157 11199
12839 6159
14340 9002
536 3345
7385 9936
10575 8542
2197 12908
8802 4234
5113 13690
8603 7003
14746 15331
3153 5279
2627 14608
14227 15441
14460 7675
6899 5381
1144 9557
4850 11987
13929 14982
7996 6444
11917 6101
7846 1115
11813 5188
13948 8848
1328 5109
8855 14389
15044 5914
2271 11086
6105 5000
12844 2374
15941 10766
704 13841
10024 7482
12104 12196
8266 4075
2428 56
3772 3155
7864 15624
3721 9559
12534 1689
9778 6287
15884 5549
10657 10105
871 7796
4379 6285
5300 9965
15355 3502
4817 9723
2515 3921
11819 8417
1326 5855
1989 1417
9009 1151
12184 1290
5870 11081
13005 7956
3849 11170
11050 13582
12433 4238
9500 149
3385 10274
2439 15662
11029 783
14864 11762
4325 2512
7007 11768
2144 3596
3989 5706
13370 10059
14979 8670
11766 3079
1786 475
8004 11934
1611 8743
13942 14562
14735 14915
8779 11648
1385 10224
4481 15236
14554 2491
3364 115
4799 4976
6140 1646
11274 2530
6268 12985
5551 3171
2301 10826
13492 10094
72 5376
8320 4319
14472 450
69 8912
2500 10809
2552 13354
1771 4424
771 6889
2238 370
3682 10186
12408 5032
9279 3938
12986 11947
5858 4768
14922 8581
15655 11334
4743 10230
7657 1694
10924 9669
7518 1019
11398 2406
8855 12374
10326 14308
11759 9606
13538 14472
404 15824
11978 1890
1406 858
8882 3230
7644 2575
12678 3838
6677 120
2852 10775
2764 7452
4732 10663
8724 3260
7922 8976
3680 6271
4682 14622
7080 10245
2515 12734
5248 15476
5103 12667
10177 11942
1336 4349
13041 3168
8355 11225
4432 3755
14986 9521
4258 9018
15704 14357
9883 12251
6472 15365
8962 5662
443 1426
5366 4258
3258 9841
11903 5053
7675 13383
6587 15113
12145 8087
13464 6813
10912 10249
3291 15032
11741 9703
9297 10241
3501 1906
116 9807
141 3143
6590 15583
9518 13274
14100 7594
13723 912
14685 12908
2116 6781
14288 15459
4071 14344
6802 6692
13626 11153
5098 7414
3336 14350
13857 8448
11205 7068
6299 7910
159 5613
1363 2590
432 12706
8171 5182
10201 10107
14771 5834
8044 835
893 1236
294 5113
1498 9692
5479 1331
1845 13213
8582 7269
6086 2643
2275 3091
11535 5482
7876 13674
3626 13532
3024 10600
3601 12582
10657 1536
1766 14195
1951 15652
11752 10554
2150 11858
715 9763
473 6940
9787 7596
11989 8440
4477 10065
10594 11890
9048 2494
12524 2209
11651 13910
15967 2859
1455 11941
10452 9
7542 12997
2021 11810
8171 6246
10842 3014
13683 8261
8292 456
7572 13710
8455 11029
13892 12556
7079 15622
15202 11372
4717 6076
2834 2416
14433 2361
1883 9554
8495 9765
12833 9807
14285 172
9308 3961
7541 4257
8066 6589
15424 6962
891 12793
13288 12553
11835 602
11737 7420
12758 8360
3690 6750
7263 4539
5490 2919
4243 6886
5896 6552
15862 14545
14841 2041
466 11929
2058 14261
246 11057
366 8721
12507 9831
15952 12641
3794 14705
13132 13964
2337 4344
2905 6006
8445 1351
7456 5825
14827 8975
14998 13864
6824 400
14346 7195
12196 4027
12804 1028
8694 9516
7730 1982
11377 12055
13756 4952
12099 6404
1564 11101
7874 3335
13715 6231
7736 8939
688 15635
12729 8316
3982 4862
11955 2272
10895 14716
6970 2898
12293 1964
15068 12242
0 3237
12288 3620
12756 14510
14056 558
3617 9047
6101 2206
10313 11005
12119 9494
5148 11648
1134 9540
6785 8796
2340 10485
11863 5657
6868 15066
14090 11913
999 2105
2202 12438
15173 2948
3914 4463
15221 9538
5661 14745
8924 1827
13059 13466
2261 1468
6753 3238
12902 7124
14927 1707
4803 11668
7065 7412
11208 6484
4013 14998
1449 14389
1063 4354
15451 3184
11233 9346
10980 8190
9750 7457
1358 2052
13802 3633
12591 7506
9497 14447
13889 9739
6394 5122
5977 7124
11918 9955
3378 4999
14695 15649
5424 3305
1707 7472
13663 15041
791 207
1203 102
14552 3378
9507 15640
15805 11849
4070 5899
5524 4047
11690 6862
13387 12150
13699 1624
8102 11209
12803 1824
3443 15896
9448 11784
13254 11616
3549 3965
10722 15994
4580 5183
6582 3327
10070 15382
12210 1662
2609 12595
8432 721
14570 10774
2057 5199
7431 12794
12263 4728
10919 5967
13432 688
5436 3445
8098 374
7039 10782
962 7901
15512 4373
13199 6707
2129 4553
6246 6235
1175 11846
12354 6835
8365 15978
14267 14798
15114 15052
8088 13054
10283 6983
8548 4440
7571 11467
11012 15419
10550 5653
5033 10003
5832 433
5126 15860
2897 12205
11482 11187
10201 8847
7666 3031
3804 5545
3833 8593
1921 611
1408 3039
7020 9508
11296 418
26 11742
9028 8531
13734 4695
5317 10064
7956 1820
11288 13823
7534 3869
14648 1363
9074 12520
9656 15778
14602 7770
13191 4336
14345 13336
3886 11832
9205 15030
9316 7139
8704 11337
8199 13950
133 8938
3039 3437
7149 11697
9028 15782
6099 2761
5312 3807
15148 15589
1433 2446
13425 1683
7311 15944
4649 9268
3147 7305
7894 1097
15983 8225
15348 15794
15244 957
11470 861
703 8712
6627 14107
1365 522
12859 3078
15262 15583
4963 1665
11796 11250
7818 552
13814 14778
7720 10766
5356 6489
13487 11867
480 4490
10861 2453
8301 2506
7837 650
10632 3334
5442 11327
8774 12372
15419 2561
11550 747
1216 15402
2122 2693
15792 2033
6768 13404
2327 13638
5854 11436
2229 11507
13887 4819
14397 15592
4442 7696
14336 7952
12423 2870
4110 6212
7542 11395
14961 15151
4850 5273
8147 3349
1213 7391
10334 1481
9516 9781
9386 12402
12832 10668
10657 11547
14580 4874
14837 3481
13654 13339
6618 14704
8178 5039
6133 15075
1200 1057
5396 8025
803 7850
2834 11846
9171 8905
14385 12728
15490 4139
11033 4620
4278 3349
9234 15797
7136 15469
9802 13654
12582 14485
14410 2158
13512 9144
5293 12934
14970 2382
7954 13794
15292 7439
5101 14694
10984 10278
6933 2393
15931 9490
4092 15490
1663 9446
2887 15756
4634 5377
6414 10029
11599 15223
4171 5914
8124 1746
7995 10956
4 13029
7603 15403
6482 10457
14616 386
603 9877
8704 13376
11387 254
15724 2836
7329 8552
7733 12639
12175 6936
9210 1994
4935 6924
6118 6710
3838 1067
5521 3964
15779 9420
11467 3130
14680 14723
8513 14511
6643 1345
13256 13525
381 14262
10698 15806
11413 9798
13923 8495
10515 3961
7459 6125
14570 8674
10382 11145
3804 2852
11015 4486
2644 11480
4360 8426
12518 11623
9797 10166
6597 10980
10950 686
9647 1448
2057 9859
3586 13230
13422 8155
6009 10833
414 10004
2600 7279
7441 4327
2947 10648
12216 6590
1912 3435
12231 1664
13811 15544
4958 3340
11998 15985
11979 10147
5208 703
14347 5688
15757 3712
2841 9460
8212 9197
11050 4551
4904 7515
7778 5784
12880 3541
10117 8956
7727 9555
11258 1076
10551 11053
15588 3793
4020 12085
13209 15904
2450 12414
10208 9649
5663 648
5273 6016
2709 11979
1209 10933
12788 5936
5512 6339
5448 4902
12611 10137
3961 1670
3880 9834
14415 12189
466 13375
14871 9234
14705 11563
5827 15937
15474 9898
11213 14164
13153 6126
14478 2802
8170 2239
10870 12214
15143 5353
1520 2214
9721 14418
14775 6434
11702 9286
12465 15072
8234 15241
15852 4118
3648 9767
14950 10389
7241 9438
6181 3749
6687 2251
4905 326
12794 2860
13206 14943
6127 5946
8515 10640
14701 1099
14831 10279
13261 11320
6034 14478
3705 15204
2651 9852
9725 1562
15970 11420
8391 2235
6900 11326
6326 14662
7 1344
15973 2128
1375 6875
1759 10436
11548 15728
10820 2046
4084 9060
5532 4925
7972 2819
2630 10780
3415 6031
9360 10302
14016 9394
356 5208
13696 12410
4289 11596
14575 5298
5701 9360
9644 6862
10378 14962
2202 13620
13122 9624
8767 4864
3314 13666
9900 10384
229 2082
2697 15244
8290 15500
4351 13381
10998 9152
8279 1040
3070 6791
14975 1858
9629 15101
4842 3995
8519 15927
3748 10275
1584 12924
3805 14244
8079 2960
7823 5978
9235 13235
10137 9661
1649 4799
6530 3260
9293 13699
9556 2505
12797 6402
7457 9415
3443 7840
14088 12213
6201 5642
3142 2592
8085 9540
6453 13896
3170 8966
333 9867
3725 8069
1560 15807
10424 2565
7686 6835
13597 2100
12842 7098
1515 4274
8222 15256
1006 6829
2069 4564
2681 4077
12805 7939
12857 15394
12347 13268
13419 5177
13826 14422
9890 14961
5966 12036
9711 14002
3152 15241
14770 10538
5854 8654
4812 8675
13574 10998
11630 9033
15802 6592
3872 5125
14709 5630
12356 5414
10348 14377
15860 15938
15835 8701
468 7223
1915 13761
2737 5905
3931 3387
7695 13984
11232 8069
1191 6887
9429 2792
15500 7702
7695 7006
13511 8372
9616 7132
1121 4909
13851 13436
8463 15257
2503 9768
14707 15199
4631 10387
4573 220
1073 855
2640 8914
14893 12528
12549 10087
932 13882
6329 7122
6891 13300
5590 1030
14463 8120
710 825
4039 6830
5391 10884
12594 7991
15732 13808
3180 13191
14494 9440
10024 10607
4083 8895
12198 3306
7893 9107
12012 10149
6572 6136
10641 5131
4012 15256
11587 5577
892 1662
10275 14823
15136 2204
11543 1652
9371 13146
12833 10129
11561 12087
10793 4787
15912 1874
3508 15254
11454 2606
10716 8143
3864 6318
4147 9438
10953 12803
3520 9825
14451 5148
2613 4565
4995 11598
10486 12246
11879 3578
11739 6320
9974 10470
12745 5597
9161 1746
1669 6646
4184 8182
1123 7267
273 15368
13344 12477
12359 14687
8149 708
1410 15199
13129 399
7065 2489
6064 2173
11987 6426
14710 6720
9170 13429
8582 7057
5868 2421
5162 4203
3517 11723
13838 6886
7070 11933
1663 5097
13118 9543
4645 9190
6721 1854
516 13742
11261 249
13329 7829
8165 15540
10571 11055
4012 13881
2130 8279
14589 8263
6505 13353
5036 3557
7557 11883
629 9138
10396 12406
8941 10920
5419 1368
7679 3295
2377 11131
14172 8773
14151 7459
4010 7229
11709 10463
8268 13047
1802 14101
8071 1548
4596 6134
10698 2166
4451 1268
11344 7495
13951 3268
7567 11253
12911 11147
13627 1836
2413 1260
15120 7913
6435 331
10904 5824
14488 3845
11070 5407
4 14848
14353 11556
6089 5183
7486 15224
11141 14750
6440 13756
5776 14599
12706 4035
2358 15089
6743 3530
15837 877
6695 2561
3187 4403
2429 1653
1932 2146
10076 14357
5145 12013
1775 239
10032 11313
2885 5675
11573 1653
2947 12006
6646 8480
5972 213
11821 2473
1869 5651
5108 3508
11143 10653
11061 12521
3553 9492
924 5491
4250 12118
3550 14372
8513 113
8623 6483
14296 4673
3026 7863
2781 9598
12823 1995
10660 3042
7351 13023
3468 13378
8361 4799
1780 10892
4737 92
15208 6766
7023 10824
6253 341
5498 11004
15102 2924
13740 11777
11795 13064
11439 13941
6806 5281
5163 12065
1200 14721
6520 5748
7332 12552
9016 12377
8744 10611
4579 10985
5055 6994
8901 5447
9687 10954
10986 8966
13021 1776
11768 10629
12813 3766
1698 14864
14643 15664
974 8333
14081 14295
14117 15288
9727 8102
14084 7318
14977 2652
1503 5719
68 3719
2279 12470
28 1400
10588 14104
11855 4832
803 14254
10981 14506
2507 364
13239 1375
1175 9463
3953 11268
4847 13016
12242 12961
3542 1161
13283 5914
7712 10751
3223 14202
15844 542
706 10566
7713 7400
5796 12900
10638 10958
7329 12975
9062 15297
4427 6919
9611 15334
10697 10829
13249 14362
12402 11331
14792 1071
3444 11493
1069 12043
4394 124
573 9616
11248 2328
7019 5135
5694 9679
13060 3904
4993 15824
5392 3755
15052 7870
2793 7092
11880 2225
4406 14738
15941 2483
4364 6416
11803 11409
12659 6757
10127 11712
3426 1035
11811 2143
14862 6228
1081 2008
1868 1912
8708 12710
15994 11759
2446 12819
9937 694
11395 11563
4676 15174
7979 8591
6661 15014
15660 6540
74 13876
3950 11999
6825 8883
6855 3068
9376 8710
12646 1254
12418 8123
13714 3733
3145 15412
3890 11066
6954 13448
14151 4961
738 10074
3425 11027
5376 12591
13270 1689
14277 15169
14336 15305
12126 7180
6792 15984
11478 10138
10398 3845
9473 7057
5911 12603
13604 14457
8097 10179
13628 15529
13806 7503
82 1887
14994 15952
1273 4895
11004 10653
5326 374
1784 10209
10498 2513
10703 4136
10874 10956
6994 1981
4075 6224
5471 13940
3367 11070
8312 14654
4900 6889
9277 6848
3357 9561
11702 847
5309 4539
15383 4859
14305 2561
1109 537
9831 14223
1601 4957
582 4588
7811 9782
13615 10284
5298 14419
7946 15416
11579 11002
9000 3923
12074 11589
10177 3859
9155 3869
15829 6673
5741 8074
4984 5366
12194 12742
10402 12594
9511 11718
15829 5014
3025 4271
6102 774
3778 10891
5511 7042
11573 5301
9998 14756
8268 11900
4150 7389
11668 6370
6395 14037
13977 10955
2404 2102
2328 5350
1192 14098
3414 1703
11906 1337
2 12479
5718 15682
13845 5827
3618 440
12903 15283
10483 14290
1921 10715
14577 14045
15983 3938
12762 2587
5069 2631
2667 2769
11869 5538
4003 9157
7278 6604
9917 9958
845 4677
2631 8803
7902 12751
180 8464
14441 3398
15958 1708
13861 10424
11359 8731
9229 7617
10729 5897
11435 13559
12136 7401
1207 5475
6947 6321
11957 3331
5683 4553
11510 15569
13175 10037
5290 12094
14786 13499
8188 5073
12965 15945
6505 9567
7629 15235
3623 13415
6885 2199
14987 3379
8528 11642
12223 8407
10131 429
4591 10419
7861 6569
2492 13710
6985 5321
1627 5687
5076 4453
1632 10714
14856 14521
10134 1235
3804 6934
14436 6801
14048 3401
11987 4435
15997 3716
11071 11895
9371 11364
14990 1798
2058 5816
13942 12926
13595 10791
14963 634
2121 11511
5831 4728
13888 3321
8245 14878
12578 1607
2570 14394
2389 8840
4855 7755
4534 13137
10935 604
1027 1278
8814 8191
5523 12746
4801 6926
15610 9181
15553 2076
1647 1216
154 9508
15296 15961
5821 15809
14653 14105
911 10184
13602 6835
419 5137
12087 2135
6828 14416
12380 4550
11278 11917
747 8082
4104 13628
10977 9399
10661 6046
11756 8151
2304 14491
4449 1119
4695 3703
3971 4765
6734 48
3194 15226
13612 1613
12416 8797
5614 15860
12234 12642
3300 12326
4659 14883
5645 15776
11568 3643
12135 6088
2308 15874
8123 7828
9771 2471
15724 14986
3514 1767
8792 11633
12657 4279
5210 1329
1191 15102
15193 14746
11088 7807
3149 5912
12784 3719
13955 7472
5267 13680
3663 3216
1212 2776
9987 686
12746 13124
5956 2799
1126 12429
6651 4816
14494 1365
13155 12258
11233 49
11303 5092
2074 559
6350 196
8657 13921
9595 817
106 9228
7729 2932
4607 1409
15615 6209
5465 13622
12932 4391
2057 7808
1959 10509
628 13340
3415 15637
12619 11237
4310 2338
14315 4775
2168 4336
294 7607
8688 15343
7911 1840
14008 10602
5277 9009
10570 1781
124 13324
1326 3824
9210 8888
1857 4760
7649 12770
105 11705
13182 14114
3868 14464
766 999
4691 7079
11714 726
1360 466
1077 1714
6276 12091
13598 4202
13273 1762
7369 15236
9188 7800
840 4721
3066 2898
15166 151
10842 6053
12987 1026
864 14638
12236 4211
9722 10398
1635 13166
10726 4758
8090 8666
9351 4053
15561 6949
9569 6501
9404 1732
6275 11644
373 15172
3655 5798
14716 11790
6491 13883
1302 4447
4484 794
13733 661
6543 8207
981 14313
7218 2254
15358 4325
14592 14090
14174 10919
12640 6833
4111 5709
1094 11924
11885 9380
13972 2845
15479 9949
14381 13482
6941 3472
433 5277
1557 15015
10678 6580
8219 704
1883 11827
12096 3549
7019 12300
8113 13294
841 12122
14905 15119
5965 13969
14631 493
10109 15094
3985 197
5677 13750
3721 14807
12731 4378
7871 13013
7112 14951
4682 3790
10379 14349
1945 7193
1483 11774
15062 5524
14664 15700
9460 14287
10725 8160
2600 8643
1172 4941
233 9431
10297 4595
14934 9839
9613 15616
13497 9712
12459 15565
1835 9010
6348 5919
8748 9360
12696 9045
4103 5770
4791 5308
8720 4378
3813 7006
12383 14222
15116 9498
11089 6675
5202 14039
11749 8247
10745 11684
10638 11734
5768 2944
14835 3437
636 8662
7826 6198
4711 14737
288 7931
14514 2272
759 1148
12443 9066
15963 14160
9361 13660
13019 14812
13898 12740
9226 4429
4048 14923
11799 774
6321 4087
3938 6219
8529 6122
15701 12952
14891 14089
4484 5372
4010 14497
3420 3168
9126 7831
1734 3648
5520 13509
2212 5037
4970 6240
14608 12028
9608 12849
6552 3529
3769 5183
12629 6085
467 14897
9887 10638
1731 12363
11310 13287
5535 8826
3182 15686
3404 4326
14713 2759
87 9120
6591 12005
9531 1283
9677 12909
12914 10084
12669 10163
12667 9675
1268 10959
14367 6072
4560 2676
13617 11249
4107 2213
12232 15299
8924 12397
15985 5739
6447 15215
7188 10018
5879 4793
7234 12628
4762 14890
12242 5920
9994 11770
13078 7509
12982 13845
9454 13653
6790 8466
9711 5337
2803 2777
3855 6851
14910 9683
14186 7048
6706 9936
14471 3041
15884 9592
1979 2406
6440 15283
3214 9306
9799 4298
3105 6968
7481 8987
1832 12232
4571 9777
987 583
11895 2547
13221 6674
9025 1914
12546 11783
5873 8671
6660 4767
4196 2270
478 14414
270 2746
1480 10102
2184 10871
5040 5514
2409 9460
3874 8355
10604 7611
13856 12838
5831 10645
11226 10432
5035 4048
1362 811
13812 6973
9407 15768
1027 8253
9326 10181
12054 8298
1864 11976
8968 9409
7993 15279
4349 15058
9715 5199
11447 6750
