1105 5671
9661 5991
6940 8239
8510 8438
9259 4060
13032 3437
10908 12738
6660 3014
3991 5267
6245 5649
12448 5066
12944 13461
10770 13085
2507 4212
12855 2585
8931 7624
8391 6107
7856 6649
8153 6795
13759 423
14695 9101
5564 2226
521 11995
15204 11742
5680 11187
11015 6506
14264 613
191 15540
7069 7967
4663 11916
879 6988
14375 7351
8771 9592
9403 14589
7207 13078
8293 11253
8169 5066
7311 15637
12123 5477
13898 6052
461 5060
5878 2927
12918 1002
8844 1642
15662 3478
11333 7325
8212 12430
8087 6191
8414 9477
7518 11321
15684 10913
1299 9532
4846 459
12976 14883
7986 10397
3519 11275
8843 13654
8311 14191
13011 6221
7262 12182
7621 2182
3949 3440
6200 2256
1095 5861
1474 15043
2703 2320
2425 1228
6061 15757
573 7368
4890 2657
8733 9014
7332 9372
9486 12652
2489 11325
6853 457
7959 839
3693 9488
7304 47
5888 14076
8984 4700
4715 1384
7322 15566
1224 6192
1424 6617
13967 6478
15113 3888
8615 15139
2241 13388
7127 1157
5860 11043
8215 2527
9292 13038
14230 5916
14575 14630
14835 8620
12347 1356
3248 14484
13372 13405
8679 7182
10698 13553
3233 6592
15457 11132
13231 765
6506 14676
2393 3357
1097 4625
3371 8214
5397 9109
12057 8251
2360 14747
9262 14439
9399 12184
132 855
14420 7521
6366 7515
5755 4193
10085 4934
11502 6557
5975 2839
4809 14970
9500 9173
520 4536
12477 2160
6204 43
7693 13428
153 10038
413 12002
15983 15236
11490 14994
4121 15338
5478 4375
6560 7148
15787 8898
14275 14680
12804 9172
9012 4489
1685 2505
7446 8530
8346 10239
15745 6736
4103 10542
4025 6499
5449 9353
5600 13034
14652 15568
7645 5725
4315 1037
867 8810
14706 9271
6090 12823
15173 5019
6579 15494
5898 8049
230 9788
3710 13137
1156 8062
4599 10063
13453 4786
7231 2648
5406 1619
10560 8423
2935 9891
1430 2808
8814 8847
14669 597
14087 12661
15979 4930
9010 10199
1029 7189
14923 3308
14023 5436
4895 1815
10074 11421
11550 9679
2508 6161
7764 5795
14191 11521
9411 9250
7760 11683
6545 1075
12152 3089
5448 13522
173 14442
6925 2129
14751 2975
11735 9624
280 3742
12579 12716
6167 15296
1246 7852
13347 5823
12082 14038
3030 6777
8392 6240
155 9066
2307 2872
15323 5045
2965 15873
12741 1026
5088 254
9167 5389
11695 4644
14439 11071
9405 10311
821 9350
11900 15581
15184 6465
14898 1469
14460 5896
9918 15950
7467 14326
3399 3601
15054 7134
7837 6456
11865 11971
3563 291
11563 8121
4955 4372
8480 10314
3368 2128
5550 14195
425 6208
12189 11500
5334 7938
11554 9795
10896 11037
9347 2188
10366 10477
8180 11913
7843 12931
14709 14380
15114 11618
9082 934
12720 2965
13440 5931
11678 15077
7491 413
8258 14795
4007 603
3672 15173
1749 10527
6838 14729
4191 5317
13080 5569
9122 13860
9909 10312
7465 9962
3402 11998
12940 6977
627 12441
13700 11520
3774 1169
4526 4526
5400 3420
5051 15803
7396 13440
13735 4361
4655 14631
7782 10739
2551 6672
10022 2854
7926 13096
11527 3253
1864 10468
786 10869
4838 7771
6012 10252
8202 14512
12402 5876
15246 7966
11395 6591
14317 10799
2605 2472
10875 3589
5989 13121
3358 11430
14838 5598
13418 9037
13937 1003
2900 5313
4925 4048
7799 9412
11902 11147
12904 522
9571 15075
6281 15708
6576 8064
2263 14334
10584 580
4692 9296
15617 454
6658 8537
15570 7174
13054 1088
5139 15691
8691 8430
12979 2312
13742 8595
7374 5086
9959 9292
9350 13812
1791 1630
15428 10778
8316 3961
5971 1941
13789 2893
7117 10882
384 12255
4593 540
4134 1091
12578 2743
2409 13377
3772 14543
11047 8479
1891 1595
0 864
986 9904
7619 14988
4403 2093
9007 4470
2543 9796
5097 1493
2338 8964
12367 13914
382 4129
3339 2015
9102 15222
8781 814
12288 8251
15982 5791
14578 2923
2497 3657
942 8845
12606 12795
10545 10518
8674 4114
10316 2481
4161 880
10010 10517
3808 5196
2029 4399
14348 5196
2788 9736
2828 6583
4690 8815
6840 351
1433 7092
8968 4198
10902 13259
15983 3093
12094 5733
7417 13979
836 13877
4542 10314
3616 9182
11414 9998
12408 10596
14298 5074
4873 14475
9037 9094
2640 7913
1987 14455
5585 3801
3138 13404
15898 2217
129 243
11477 1114
6703 5488
1159 3945
8451 14288
7623 3250
12011 7885
3597 10972
15632 7161
3643 5868
576 5146
4526 2079
751 5512
3615 202
2003 4182
4145 214
13635 8802
13332 6651
15514 7055
6789 8731
1800 15941
6108 3722
13362 4916
6714 432
7414 6533
5910 4270
1931 10040
1415 7619
6879 4630
5934 6382
8140 9815
8427 11349
227 8075
8375 14630
15909 5771
6973 3017
8074 8816
15445 219
3256 12499
14892 10274
11415 732
3998 15463
8048 4449
6743 5415
661 6287
8541 8482
4064 4173
8408 271
1027 5488
5187 614
6993 4242
5463 14109
5919 7635
3809 10584
14632 11551
14767 14333
8549 1903
3159 7068
3142 11246
8179 123
4608 9579
4254 7493
10870 2001
4678 2634
12932 6218
1740 1519
15059 3647
9388 12405
4809 1907
2198 10483
8595 9513
15613 10655
8253 13762
6432 11121
11042 12338
13287 10813
12908 9581
6276 939
12365 12864
13923 1929
15181 8757
10209 1656
6035 7911
2212 12938
10322 5101
1635 3420
13025 13575
12144 6165
4886 2301
4799 4181
10765 1049
15744 13129
3080 2159
2547 588
14531 15128
4146 1896
11149 11303
6577 15431
5645 13693
10440 4690
10012 224
14624 10884
14173 1837
12450 13234
6632 11284
7418 9686
14840 7692
3408 4940
3288 8857
4203 775
14544 4282
15722 9283
13963 12091
15597 2411
9751 13404
9091 8431
338 4889
11035 7267
4074 9152
11946 4773
475 10170
13664 15991
7681 4515
7893 1522
13888 11511
14810 5234
4167 1784
665 5617
7769 10502
4740 10789
11716 15531
8236 15614
3459 6811
14173 458
1206 13139
8325 5438
5090 4274
10236 1470
5893 10713
12572 8465
3631 2617
2501 9928
2297 6271
5670 5496
5142 2743
12415 10546
8783 1892
837 13225
11895 6116
471 6608
11012 12764
1240 9755
15978 5097
7266 4865
14301 11055
50 9171
13083 14406
4926 4021
1890 15054
3802 776
10464 13808
15617 9029
7919 5992
1722 5969
6647 235
6008 14865
12663 346
2375 15726
15936 2282
330 4220
13967 1865
10759 6620
7317 2478
8463 4160
13272 6351
5038 7870
14156 5458
976 13441
6723 7456
8967 6915
14170 5368
11680 6327
7226 10857
1877 9979
5256 11742
12734 13458
8698 6248
9247 4462
2281 6152
10819 2193
10231 5126
3440 12211
9833 13995
14331 3024
14187 14810
13908 9893
1639 14428
8647 4475
11482 3020
15456 2432
14973 4605
11589 2027
9102 4859
7229 8907
12628 11586
8363 10109
14559 6636
5998 9476
10679 14652
13065 11532
4446 5043
9431 8256
3839 13277
7271 14372
11054 9395
5858 9224
144 8103
13414 11771
14529 1396
6299 6822
12592 428
898 7798
14527 2354
11192 8379
9142 9831
11475 13389
700 15272
5849 12757
14502 5886
13735 362
6822 6559
9810 5477
13844 10348
10389 8154
2797 9668
4094 13572
1250 11199
5999 6519
9594 14514
348 81
189 4696
14385 11867
7723 2208
8864 7425
6175 6682
12680 9660
14392 5849
13385 9208
8714 1157
3883 9773
3681 1354
3979 13318
371 11835
15255 4829
447 11762
8232 12889
721 12326
10205 202
6318 9980
15715 2091
10719 7662
3427 3485
3583 7613
11488 10373
4165 2135
238 1530
2989 5653
3823 11585
64 2991
10149 3723
11545 7731
3696 44
3437 11866
9749 15527
3568 10390
1949 14439
6439 8984
791 1756
5403 12591
9912 1629
8079 2987
7957 7441
8691 12583
15819 7727
12379 9489
97 10684
7895 12119
3585 2967
10915 9776
6219 10594
2816 11573
14524 5315
4588 8586
12192 4861
4594 10980
6714 13355
8802 6287
11954 2571
15949 7417
14588 4176
9079 14496
6370 1739
12646 5973
5237 5390
3967 3837
5664 2475
15720 13868
15861 15870
11429 4180
13742 4345
11733 2909
463 2371
15886 3260
7318 13604
6384 7448
10970 9976
813 12043
5074 14189
3989 5786
13186 8915
13253 5422
15059 1918
14311 13161
15618 12375
5256 7102
13022 10914
4645 11056
10829 12433
7834 8657
160 8706
11168 243
12285 14753
4416 568
13812 2315
963 2847
4998 12203
4065 10495
9819 2833
6922 3369
5718 7056
11292 3266
13932 14118
12226 3497
6241 8822
1868 12673
7167 12217
15522 6295
641 2307
14279 4565
6688 7810
11598 2755
14768 13313
9225 13045
5416 9177
7111 13623
7987 13294
15376 1871
1373 10689
5028 8106
7119 4914
6864 13751
5139 6268
4828 210
13790 7811
269 9198
8287 12318
14170 2690
1287 11337
2115 9444
6749 15483
113 4661
829 15621
1093 11420
5539 5200
4212 7573
9137 5824
9110 4602
7519 6326
6745 13414
10192 14197
11896 2571
3919 156
9190 4285
9775 5701
10026 7751
5346 11218
10403 14150
10430 2910
7892 326
10161 2049
411 13308
7458 11636
14370 1521
1647 8788
6206 14054
5411 9826
9150 7719
12690 5773
5020 10918
466 8601
15960 7480
8648 892
4889 15788
5675 12200
13670 12858
10238 2929
2867 10467
15175 15033
8632 1467
13369 9823
13697 2698
1937 844
15577 8656
9800 6458
2333 9075
833 11288
10594 7710
3122 13229
2231 2849
15706 11467
5582 10217
31 15493
9173 5317
4914 3948
303 14689
15969 2882
15629 2558
2350 3377
9292 687
10855 12538
7829 5754
7734 12152
5677 3532
9428 304
15664 2894
14628 769
3451 7244
15659 11247
9064 8826
10174 12773
12884 11575
7386 9292
5642 3546
6354 3927
2478 3588
4660 14458
7222 8220
13041 11670
12642 12769
12354 8563
4561 13661
15726 14328
6604 13845
3170 7386
2137 5042
13608 3383
11163 15716
15169 11678
2519 13748
12165 2782
7616 7229
12145 8994
7699 10777
11341 14598
9067 1964
15305 4386
10818 11780
11049 5406
2207 3353
10310 9757
9312 8565
15771 3507
5590 8688
1510 10008
1657 8371
3651 1455
12301 15549
6763 7160
12105 2478
13548 11501
15341 12390
315 11711
780 4552
13514 12399
8382 2871
4757 1000
14126 8360
10990 12528
4142 2664
6768 11900
697 8249
4864 6774
1747 9849
12387 14318
11393 8477
811 11238
3073 5537
11595 1704
14613 4230
6157 7029
1141 12509
12723 12243
10478 4653
5631 1770
9235 8684
14164 14502
14911 15350
10553 4612
5408 4841
14324 12259
1639 15466
5452 5757
14368 12387
10373 15172
14528 8903
5327 11779
9154 8097
14077 6669
12746 2969
495 2961
1096 13771
9571 14873
8852 13036
15841 13125
3592 14151
2583 2093
168 4573
14643 2298
589 9171
11843 9884
15468 10019
15719 11244
1270 8682
7605 2424
670 8839
1670 9677
8674 6988
5525 10946
3222 12954
2045 2331
576 11156
12321 7934
1482 1101
378 13637
2765 14513
10613 2933
4485 12750
2951 5825
12112 1965
5414 3612
7762 13994
8586 14881
6426 6859
15431 7668
6398 9883
15569 10059
11882 8138
6753 7454
8642 8923
11425 10763
15118 4474
13929 10793
2056 10926
3842 2240
13293 14325
5855 15725
8781 11717
6546 12284
3304 11633
7221 9262
13613 10015
12159 5776
3352 1084
9227 10978
11183 2134
10267 4363
9036 11985
15472 9437
12941 6942
5946 7442
5443 15822
10585 13313
9249 6846
4498 15031
6116 5392
11442 5466
11849 6846
11659 12831
13050 5968
9901 9865
10558 11709
1603 6835
15960 8506
2043 12737
3592 14752
7356 9594
15054 1353
909 14355
8150 2607
4346 3421
12019 5210
7540 15398
12698 3692
10533 1397
7202 10590
5473 14205
2127 15904
2908 5103
6034 15369
1167 4295
10186 12569
13230 10025
10617 10908
11545 11382
1926 4922
2008 14068
2109 3061
8444 7750
6033 2639
15417 909
12003 12962
12038 8386
616 10043
6718 698
7694 14657
10695 7089
13828 2033
14811 8840
13336 2049
9795 12946
8031 1738
9988 3643
13555 11754
4527 2426
141 13185
9494 12100
8022 5278
638 4923
8953 10549
2471 436
7611 5172
9113 2041
12195 737
13488 3294
15189 4130
721 11942
1960 9658
263 3018
15507 1094
5756 14134
1177 3439
2009 13062
5357 5736
13016 14257
7673 15160
15835 1004
1983 10549
9981 5337
10275 13747
3951 11351
787 6494
14888 2401
7700 7513
973 4376
5997 5520
5960 266
1721 11523
2908 8604
11672 4347
14868 125
10338 6866
9416 3183
7338 2131
5530 446
5015 1154
11382 10718
6757 7251
8428 13358
10581 15689
4759 807
10779 2091
9347 6743
15605 11369
8742 871
6451 2783
14683 11194
6376 1921
11558 9690
9373 13963
9061 15261
13846 8655
6139 7969
14656 7682
10593 14377
6962 9070
15885 14001
11180 15130
4320 9705
267 3295
2552 13255
11345 9997
12433 4436
3961 7468
14982 5280
6256 8419
8493 6077
8385 11184
1439 4616
6190 11592
3701 9780
4528 15875
2157 3759
15320 7081
11263 700
954 9361
9774 3538
3866 4
7763 1661
2384 13038
5066 8962
13809 13351
12652 13998
8760 10602
9688 15710
15982 6966
4975 9417
9608 1012
3806 3424
1672 7570
14682 5541
8006 9274
7413 8746
10911 6231
6704 11518
4657 875
7559 15755
11459 4812
5530 8659
4007 14140
12551 7863
9637 2358
6811 3984
12306 9088
12742 1925
10207 5273
1657 1557
8238 3488
8281 9925
7763 7590
15954 3145
1102 5544
7602 14940
5252 2243
9615 9981
14500 2053
5787 7616
7692 555
12091 12851
13697 4039
4442 14609
8273 1321
10552 7353
8329 13480
7095 5481
6652 8077
5156 3392
15019 8172
4918 9420
15528 9483
5225 8466
12032 10166
3168 13051
2474 4148
8836 12021
12521 8637
4706 6127
2497 7767
11557 12127
1821 3850
11737 1972
7493 12747
3467 4214
2343 8797
8201 11388
6934 7890
11166 12012
3890 2600
8154 4658
3471 6680
11834 14353
15435 4409
6608 576
7474 6660
14414 6851
15823 14184
4086 2375
13802 13195
4912 5812
321 2353
10563 8720
10204 10800
10188 15761
4904 9642
4507 15240
6891 6270
9620 9394
13612 9766
10564 14128
10472 5362
10044 5913
15483 7980
7027 7703
9536 95
6075 15263
274 2358
1197 6768
6949 5184
959 7617
8106 2670
12662 4753
6122 9004
12013 1546
4832 8188
13967 2469
12543 6218
11337 6935
8367 7689
7031 1017
10099 11420
11780 12854
2618 2060
2438 14394
14735 14993
4686 10329
4666 2071
3254 6835
15368 8757
1988 1796
840 15788
13955 7534
2824 4658
2696 4411
1993 10545
3517 15697
10202 708
8932 6013
11846 2798
7614 15004
15252 13928
6796 11117
5834 8922
13083 9279
7329 10785
7345 12902
14477 392
12438 14509
14279 13705
15978 1104
2144 7924
2273 15844
14239 8708
13546 10375
13370 10223
4736 4131
1100 10523
11537 2670
15080 7754
13181 1587
816 3284
12478 2413
5428 9404
13640 15968
5487 12314
14304 3571
2616 2070
1937 14886
12123 11644
6294 13682
10622 9395
5145 13860
15098 10516
10984 7116
5769 1432
3475 535
9808 12829
7558 15473
5586 5336
9212 923
13937 6655
12619 5699
15556 12729
14777 3014
9642 6371
284 6251
8144 13271
5034 1713
14798 2397
7326 8350
9448 730
15242 9539
13243 14173
708 15993
8799 12694
3961 5373
6133 5582
9595 9077
12175 463
7676 15427
10544 2653
14445 13732
5479 2970
11686 10737
826 14337
5962 12054
10533 8467
15870 14325
4410 2454
9312 1074
10552 15617
2304 15529
12854 7524
3950 4487
13686 3896
5321 14786
418 5350
10220 7894
8378 1020
10067 11556
4022 7086
1882 14646
5395 11997
7094 14573
5039 14635
1285 10164
1677 15077
909 8867
11459 11368
15601 5897
617 2271
6605 1261
10978 4523
8328 9238
6532 5344
9561 5688
4075 12687
3633 2083
7433 15885
13094 5131
7406 6178
2579 2992
5343 1771
15176 569
957 1230
10534 1527
13648 12604
14334 2973
13773 5371
15617 14979
4627 9748
522 9361
14533 15039
2157 14653
10321 11666
11739 9143
12996 3824
971 14566
1421 15876
94 10775
11659 10117
15061 15595
14101 3331
3250 2122
8990 10723
12785 7748
3069 13332
3227 7968
1500 8442
7279 265
7136 15061
5499 6692
1167 12878
2572 12476
1923 1622
4311 10036
15878 8880
9861 2011
6296 11778
8509 3486
88 11142
8727 5394
9825 14764
6116 1481
733 11045
4712 5919
25 15017
237 983
12279 9524
56 14659
15458 3636
5288 1447
7486 1375
4955 14678
4599 14838
13630 4840
4032 11887
5395 369
14940 9540
9054 3226
6045 6466
1996 6538
12631 6400
1666 4253
10784 15282
7416 2685
12827 10700
11658 3915
3094 2495
5312 6859
7386 3096
12977 14230
14648 9591
4962 13054
15676 8599
11813 511
8699 12358
12166 1869
5254 15557
9546 519
5502 6047
12154 13599
5089 14740
241 5207
11852 7097
3758 12237
9262 9367
14987 7274
10964 1200
3488 355
5608 996
11054 15672
13446 3961
9704 6195
6643 11607
12212 11180
13733 2561
9403 11746
9274 15166
10578 8624
7652 14620
853 2987
413 15216
8449 13618
9994 15191
12205 13054
9924 14857
6031 13927
6159 6139
14653 622
10092 15956
204 2072
5280 4418
8145 6353
13550 8487
13165 7280
6358 8786
9553 13940
1873 6621
2356 14375
5451 15840
5528 14463
13121 14494
2547 5896
5666 2412
3681 6533
10248 13244
14012 9804
3348 961
15588 8665
7218 15307
673 15351
4302 5615
2163 15865
2765 14461
7857 290
7995 2639
8345 15174
9384 12647
8428 12211
8963 9479
10239 8715
15189 3806
2787 9916
4627 10429
14282 11227
6611 14561
9511 13988
13351 1054
6279 12705
1907 1603
8291 14696
2663 8252
9936 5256
1471 14181
4569 14527
3085 7865
12401 13082
10711 15775
4765 9582
9653 7334
4685 3229
11369 14478
7658 13227
13601 920
6612 9851
12454 11214
14252 9967
372 12774
7887 1059
7716 13441
864 9635
15234 14409
7500 14497
1099 9315
13939 14744
12240 5366
5633 15749
5906 15609
2344 6164
1603 9203
15973 7023
2312 5993
4810 6613
988 14969
6470 5697
6414 6953
4038 9599
10385 9194
11421 3184
8386 13354
3034 5716
6206 15306
3664 4874
6863 12425
883 3088
12712 2378
1513 14458
6741 3809
1211 8133
2658 7067
2019 10710
10238 8187
6986 2526
9020 8886
1122 13274
4105 1237
12363 10478
5015 4532
13815 7095
10417 2635
12991 7507
15994 10953
5861 7547
5757 8289
2168 14751
5202 2332
6752 14916
5996 7041
3329 3345
13891 3760
6511 4857
1807 11518
3531 6887
10272 10686
2875 2672
8895 12058
10287 10606
5105 721
13937 9538
5182 11625
3390 2135
13545 6763
1146 4922
7865 5256
10512 11336
13296 14700
15188 995
14249 6371
10066 2053
9694 2870
10590 4196
12808 12026
1908 5437
660 5341
5286 11064
12788 10917
11856 4242
6116 9832
2258 6735
7925 11743
2190 6497
2162 2157
7963 6958
2639 1184
7774 7469
6972 3746
12109 11918
6672 15379
13752 14580
11731 4728
2260 7317
2834 8238
8147 4513
3696 11480
1856 7069
6372 13021
13356 11376
15127 11524
3044 15343
8926 4176
9069 8491
488 6340
15430 9862
11640 11931
2907 12030
5899 3632
12137 5724
552 4362
3460 8542
8145 14931
11571 7559
7953 5551
15093 5509
1168 2966
1033 5341
13726 13530
1756 8890
1099 11398
7242 5195
11329 5604
13359 13207
12269 2807
4745 11570
3035 7502
3031 2267
11339 13012
4253 2798
10639 8847
5869 4183
2112 7632
11678 7491
11872 1259
12275 9772
1307 7066
11846 14829
2437 10328
2680 6976
12286 14666
247 15935
9160 14123
3404 3752
14838 9801
11948 6829
9283 11835
9647 1302
5710 6485
6741 14406
790 1741
14413 7216
8404 15799
15986 13449
6199 3961
5225 8833
4994 7742
2694 6510
7779 11849
14771 3318
10285 14872
13834 9281
13365 14036
12343 13547
9062 9121
14879 8157
1818 9450
13605 12040
12836 4114
1771 1980
4568 13290
10083 8022
14311 6456
6583 5099
9962 8004
13454 206
11082 6806
1146 12294
3783 4341
6423 1100
4943 2824
7610 14174
5024 8924
710 2448
8720 12510
5416 12419
3535 1453
11323 1002
1666 793
2377 5053
12774 8891
14164 720
8331 2242
4233 873
5084 1529
987 14543
4245 4153
2888 8425
4881 8713
11378 10722
9093 4161
6876 15992
12382 13778
6919 6636
14693 6779
8296 9502
540 4151
30 1537
10728 14114
10644 5661
1027 2781
169 4683
9393 4715
4598 9580
9354 15630
6592 10069
1886 5603
13184 6551
1531 9014
1163 12960
2937 8511
14423 1461
23 6753
8270 1220
2276 950
11930 1094
2997 11026
14287 15467
15094 10136
15724 13077
15416 8777
6920 5139
4925 14595
15643 528
7550 5746
15177 2848
13718 385
4720 14285
7484 10039
12032 9466
3831 9127
13707 12481
6673 14278
12357 15498
6359 9587
4268 10468
4068 4572
6847 5049
9943 1943
4716 9934
1989 2203
14474 9117
6603 6089
572 6688
5532 11360
2843 12675
15316 3471
13368 1166
1473 10502
10908 2569
7889 6848
3577 11927
11139 9990
12165 14411
9194 156
9559 889
12760 2488
12317 3364
10943 1467
4880 15682
13412 5512
6121 11169
13837 282
9341 4943
10909 3350
313 2777
293 7270
11851 7
4923 9585
7866 8036
10713 8367
3317 12812
12077 6688
5049 9176
4479 15829
11205 13223
7049 8088
2084 285
10654 15881
10767 7379
4697 11930
11626 5318
14243 11224
11271 12320
10996 2081
6739 9233
8902 11196
543 1177
10094 13674
3635 5668
8689 15404
11670 8541
1690 5629
10678 7271
3232 4056
6851 7237
11380 8011
1848 10373
2114 7058
492 4115
4850 13835
1323 4491
10270 11535
865 372
14748 10043
714 1188
2571 9942
6056 2415
10238 10818
6235 427
14797 2668
1629 13275
15735 1138
12080 5047
9218 12849
12076 5424
3178 4591
13609 12939
2365 13753
3464 751
2270 3849
3052 4492
8625 12747
13346 11913
3599 13711
7934 1201
4803 1049
6996 15225
40 15863
10530 14253
1387 8964
5317 9216
3842 8461
3401 12196
1008 1698
6766 5698
515 10089
3182 6674
7956 4707
13439 5331
4239 13795
11076 169
14774 4431
14285 13391
3350 10611
11666 14145
5673 11999
3034 14270
12886 8946
14280 4582
15396 7327
1288 14330
3966 1458
15257 5066
9343 14410
7169 3564
7733 7967
4439 4956
3177 6714
13851 13835
12239 15340
1643 12571
11172 6913
9092 15945
9422 14443
7935 15884
3976 4074
4550 2267
10312 10464
8038 4791
3857 4078
3736 12897
2768 13500
2308 1322
2580 4696
9465 6592
10104 10357
8912 10419
13673 12745
14028 1474
9599 6155
2057 9534
6745 5758
3338 4452
14448 4126
2836 5386
11066 13259
3752 13771
6079 15514
10730 11499
738 11024
14312 11161
14825 14486
5383 14253
5049 7612
9714 15466
9192 6980
12199 6510
15131 11664
13127 11602
12038 10183
10198 59
1507 2752
1199 8321
3792 3666
6228 15799
1170 883
3184 6055
11319 10445
14871 6598
1311 3693
4998 12212
7245 3066
15277 5041
1315 13888
9658 290
14532 3408
1315 4600
2654 6320
6774 5652
10512 8849
4535 6920
251 8321
9310 11087
15507 12861
7289 1409
370 14766
3343 2676
3120 930
4927 15570
5576 12148
8408 1234
8422 5745
3652 2291
7323 9645
2023 13795
10032 11880
7252 2683
13134 14694
12179 10185
814 9009
4975 9307
3172 1776
8130 10488
6641 12852
10217 15537
11995 5663
13788 13894
14673 13100
9169 10030
4148 14337
4315 13777
12920 11969
8159 5143
12819 204
2508 13937
3464 10325
13430 6549
9674 4984
15330 13375
5663 7579
11320 9527
2950 2364
10262 13049
5367 12116
7644 12597
6497 1589
5449 1542
561 6473
11656 9557
8467 11142
590 15754
11885 1522
10853 1702
8775 1259
2009 15057
10924 9246
3472 7494
15341 13469
1248 10291
15432 10607
576 195
13173 14758
9966 2406
358 6929
13796 9723
4630 12246
5642 909
12712 5727
14635 4767
9239 2110
6703 8999
1260 5230
5706 9549
12143 11811
15203 13436
9951 13784
3794 2550
2285 2252
1372 9470
5058 8852
73 12408
7432 12429
10760 15265
642 13506
6680 870
5699 12637
9791 12071
1805 11366
14728 14351
999 14082
1338 11531
7829 1167
4826 13789
1424 13879
13729 13268
8052 2605
1313 15619
9613 9092
9640 11999
9396 12767
15979 981
2849 1998
8436 15940
4493 12357
5556 5972
12698 1215
11104 3658
13230 15114
4858 13556
5490 8084
12041 10146
5453 12059
6856 7942
6022 13802
104 2949
7924 7621
14736 12296
10778 11301
2623 2890
10872 7909
13816 5823
12285 2666
5705 15971
11974 3325
576 14685
8856 15935
2758 10855
4193 6468
7946 9184
4159 12913
13722 7716
12742 1413
6595 7969
1764 11719
13734 7052
12944 5517
91 9435
4115 2802
866 11826
920 11421
2499 8979
13007 1319
796 647
4907 14125
4097 14280
9252 652
9831 1526
11015 2418
325 4704
4732 325
12514 6152
7590 573
10980 8370
316 5340
9032 198
15294 14256
11341 4402
15859 14636
8404 13693
6568 1750
11797 10981
467 6469
6661 3377
6401 6829
8580 3985
8730 12339
9882 2576
9600 10186
7983 6969
2479 2441
8475 6173
14974 9466
4305 10589
6530 14624
4225 7306
11900 2494
4697 9508
13930 2724
8774 4865
14076 3658
13863 14574
13721 12422
7077 8871
5958 3184
5753 2873
10945 10417
6402 15967
6130 13037
2665 15200
14013 7277
12960 11970
2691 3207
11080 14039
14507 12486
4436 13702
77 13831
8573 1720
3362 14354
3794 9770
14260 3643
9888 11688
12666 2422
6070 12094
6302 6353
12605 4884
12604 9488
2717 8290
9718 1926
409 8488
11779 7070
12196 8149
4219 13028
11591 5750
522 11317
12503 11323
11563 368
13298 588
12625 15448
3084 2452
9693 6090
15839 5587
3420 12894
14630 11092
591 9056
11241 4228
15252 5409
10466 7958
5003 10358
2252 13514
442 13801
9857 12596
10116 15987
9895 13635
7499 9651
6722 6414
3078 13492
5550 12704
9590 3455
10913 7776
496 1743
12141 3588
2612 12460
1952 2666
4488 13389
11156 11867
4790 9449
14665 7467
6192 10547
1907 9723
6110 654
8907 12419
2422 4100
14870 7142
13041 15058
15564 12624
4018 9568
6576 2985
15677 12826
9782 6059
11091 6987
493 14428
10078 253
13855 654
4421 13577
1603 14459
761 7968
7431 1525
10415 8840
9196 9280
8946 9501
15692 5135
5621 12037
15895 5658
2765 8470
651 8016
12033 1949
15181 13503
8673 2782
9463 3913
9181 963
528 4875
8927 6014
9989 4344
12793 6752
12668 12944
5064 8516
2443 2905
8361 8027
14248 12616
11339 9467
11019 1749
4128 1977
2838 2164
9668 6553
13863 7699
13563 3272
14051 5161
8392 12063
5178 3172
1966 12295
13494 2750
6530 6106
15438 3178
9356 1630
4349 14619
5910 6218
12508 4038
9602 14235
15607 9684
2728 10267
2030 1456
4978 7759
11365 6484
7983 14330
4538 11565
5666 880
6485 913
1355 244
5764 8473
7901 11347
15781 13476
371 3812
2505 2683
9078 9019
7658 330
8042 10091
5221 7100
5546 10788
13227 3901
11477 7135
11750 11190
8982 15911
12836 6047
2330 6881
9585 12623
1153 13345
3464 7491
6807 13949
4824 13825
4780 4834
2721 15074
12240 13465
5006 5904
9292 1538
10582 12622
6976 8676
1610 3640
9692 8350
734 337
9244 13810
9240 10375
15603 15751
9738 5604
10498 3902
9597 308
7466 9256
1755 8423
9154 11079
8171 8121
231 5508
8158 3349
13163 374
2399 2515
12927 15339
15393 2651
11209 15771
3024 5403
4761 11867
14252 10227
11873 15584
1959 4275
2960 6789
7858 10980
544 7777
15998 2922
15501 2316
11730 1106
4522 13413
4689 1444
13233 12274
381 12985
13752 10477
12939 13152
4629 1597
6676 2552
5805 7016
1566 10503
713 4107
5247 4048
7496 8553
685 13273
1671 15337
653 13601
8341 6601
7206 9208
1839 10198
13012 3752
14241 9026
12810 5839
6700 5363
2171 10586
11414 2064
2154 10342
3177 10956
2542 6018
7784 1071
3075 9408
11316 12635
7650 10299
4541 15891
9817 6482
5548 7598
14136 13762
8968 13622
8443 10064
1012 587
400 3004
11105 13649
3714 7626
8682 1098
14381 389
5480 6859
2818 5223
10290 12556
654 5210
6015 8996
115 12177
7534 841
1969 13857
11659 11721
9514 9317
722 15519
8623 10151
8584 15584
13726 93
5307 6020
2511 1282
1707 15594
15910 6689
12798 10278
3151 10341
2602 11889
5176 13901
7672 10435
12039 11027
3296 15078
631 11133
8971 5239
10951 14849
1352 2946
8469 14524
1771 3460
3199 3734
1762 4507
8260 8426
13103 13075
7898 12033
15733 829
14160 1895
4537 15707
9205 5349
4061 15200
7324 11032
1990 7733
12189 12234
3990 5963
1819 12424
2159 15260
11679 13307
4698 11642
9013 14783
12516 15714
392 8720
11974 8381
6641 5732
10737 14668
1544 9893
11479 7914
12388 3518
125 2250
11726 8963
12810 4925
733 4348
9269 3092
12891 2901
15484 3098
14385 13824
13035 4286
2079 3410
8828 13748
5375 9911
1841 6394
14922 1029
8532 8706
5258 7762
4317 8718
6607 4005
719 2929
12954 6152
14515 2865
12233 13069
696 12921
11888 8834
14292 13481
5811 14850
10584 1078
15875 4094
14787 4821
13860 2265
10867 10853
7664 9686
11564 12367
12279 566
8418 5066
6380 5261
1695 13895
4984 7052
7440 8832
2154 11278
15995 5408
502 8997
7646 6230
7655 14521
11425 4363
11528 10206
5466 12129
15359 15680
4500 4373
14664 3076
4734 6685
7744 10131
653 2103
10716 13979
4022 13540
2447 14234
14917 12514
13664 8275
9238 2251
8782 7244
11631 4010
15035 8912
11864 14823
2906 3662
14046 8505
10534 2352
2752 2656
14887 945
4957 4176
2116 8803
7695 2485
3055 2993
4337 14338
6535 3561
12195 11066
2652 10514
1410 12941
12274 13969
5237 12876
4626 9076
9121 12261
3388 5147
15958 8747
10658 6784
5078 9907
15966 2527
13795 5169
11323 1751
5567 3686
3353 3884
5930 2900
8798 9388
890 8889
6336 11439
15198 13679
6814 10202
3089 928
15162 461
11992 3617
346 6841
10240 4700
12231 12270
7120 52
15077 15536
13357 11368
974 2974
9181 1759
5102 13885
1815 3697
10408 555
609 2502
12868 2306
9773 11094
9922 3562
12758 13305
408 14165
2118 10498
40 13444
15275 3426
3306 7486
321 7962
9876 3484
10314 2253
5573 14892
13628 7859
3749 6809
15217 3202
14896 303
15973 13205
1105 10002
11330 5011
11531 5866
10853 12760
2426 10533
10031 6170
7754 13788
4607 13785
5829 669
11826 908
2753 5387
7159 3818
13096 8871
2776 3466
3865 9073
10358 7359
3861 15865
15576 5172
2556 15249
8055 15917
6064 4054
11097 9307
4157 13782
13699 6847
9395 1669
7411 7965
5963 11742
10080 13105
2275 9696
4870 2643
15703 2572
4750 5688
9134 5023
5972 12388
2239 3334
12878 6233
5291 1609
14333 229
4769 15389
566 6055
12945 4003
8159 3704
460 12588
1699 5368
11761 2667
15246 11496
15649 15853
13923 12353
6750 10664
14325 10657
3211 10221
476 1457
9219 11346
12785 12277
1103 13206
13339 9810
2704 6320
6091 9977
13015 9963
4161 15697
8110 10206
14435 13264
11145 13637
15914 11473
11085 7547
15424 2541
6205 15106
8006 2551
9639 2611
11539 11432
13216 14565
11282 14559
2578 14836
10409 15615
7917 8637
15421 15850
8433 4794
14169 15428
14431 10611
4118 14124
1020 8610
5277 14772
3684 3049
11681 244
4351 9369
9714 9708
11164 9105
2304 13477
1868 3330
12009 1789
6178 5030
11617 8919
2969 5024
5450 5778
3183 9693
2639 4334
10964 9101
12424 10377
12886 15717
11800 6223
3974 4948
12941 4993
4279 8793
11448 9392
15447 307
9245 15270
14694 7805
297 13233
11610 2895
14282 1042
11437 10996
13901 2476
6776 8742
2440 13044
831 14015
13869 15628
15583 1489
10160 5543
13220 11809
12365 4586
1466 2235
12743 13444
3390 9385
3002 409
3817 12856
7162 812
11041 8459
7414 7929
5864 556
11500 7311
3702 11884
1260 4486
785 675
5118 10956
709 7619
14361 15176
8282 4093
4828 15135
5921 4441
15781 8836
13780 4321
6626 8922
1227 1637
14855 5856
12845 12814
633 4866
11030 8721
12562 5398
4248 12853
4343 1055
415 4960
12447 855
129 8647
10244 11915
7517 10262
2740 4562
11343 7879
11626 12537
12817 3885
14194 7572
4772 6168
705 9048
12047 12090
2588 13182
15908 7815
936 15190
8791 7230
9063 12213
5218 4493
13243 366
9580 2861
15021 3982
3540 7831
9988 1128
4506 12481
10121 3063
5997 2521
13023 9234
8149 9954
5279 9019
2795 8189
13114 772
12652 9476
13861 5802
14829 5370
10259 9439
1750 15919
11307 1010
14157 9337
7334 702
8005 3293
4269 7772
2859 1372
8004 1210
6280 12357
12995 8620
11636 4916
5823 14109
2004 5643
4948 8268
1092 12732
8160 8969
3701 12205
13571 12013
9021 15928
14238 5763
1088 14874
3396 1408
15592 12209
2348 1778
13090 966
4750 6108
4685 9539
100 4999
2201 12730
3506 15638
13904 11071
15373 11636
2596 12080
6847 8426
3143 4710
236 4971
2586 4970
7312 3054
15049 14654
14606 10625
10583 9505
11504 3439
5950 2304
1797 12425
11647 4179
909 15596
3678 5943
10411 6993
941 43
10997 13795
7993 595
2315 1999
5113 13980
215 12738
2953 12883
870 3768
5146 8829
2089 4982
1974 8181
13309 13113
9007 7904
2905 10020
3202 11172
11317 13188
1966 15766
6373 6773
183 6121
4175 9353
7148 9527
1592 423
14251 8829
600 6715
1726 11310
246 5763
9714 8603
9894 2150
7300 3479
13504 10884
10918 42
2655 10020
9743 11812
15934 11508
11795 12352
5385 8925
5251 10559
9065 10353
5624 3884
12249 2803
14133 12497
11380 521
1926 15066
660 9041
11537 7045
9269 1625
253 624
14836 6111
8689 13856
13650 12439
15930 1980
2064 7193
12533 9475
15035 1606
10368 14091
9355 15716
13542 5348
12008 15458
10980 7478
12266 13148
15714 1142
12339 8605
13652 7570
2649 4666
2237 11429
13231 14396
2677 7047
638 1595
798 9819
14625 13175
9230 11060
4343 4239
180 2366
6686 3873
11112 4800
2584 2405
4222 2524
9374 14219
6434 4128
10904 7022
1366 1824
2573 6005
10789 2415
11425 9400
1899 7203
8224 11674
3878 6067
3830 10856
8125 1913
10393 13892
13532 4815
10317 14230
3597 10448
12626 12629
6675 7699
8586 11194
12104 4512
5915 50
15670 10742
4770 11789
9643 11663
10398 2786
7583 4280
12334 13248
8605 7841
11902 12067
12375 11351
8209 483
10285 9183
3504 13722
10769 14516
15311 2886
7971 6950
11078 5332
7546 11165
14762 5096
4793 9515
11225 5986
10 11812
3164 14954
12952 1336
9030 15203
13925 13090
5150 6253
6220 11543
15202 6171
3955 6820
7747 718
8055 7532
3062 7067
1589 10136
253 13897
15741 11353
2328 9810
12593 13375
10959 2942
12811 9585
9265 9374
14293 14405
14619 11396
11163 3968
4451 3622
2427 4637
12277 12508
3859 5109
11157 13067
14145 12825
1237 202
8959 1184
743 10426
13033 14153
4095 586
2785 9454
5029 9747
10098 12496
14861 2630
13362 3178
3445 4813
3495 13261
7627 14931
3132 3438
2027 8722
4433 15787
8483 6265
15327 4414
1062 15408
13732 10262
1079 9827
15029 10973
12151 6300
4580 8478
5243 8371
666 13541
222 11937
5075 2931
1092 12313
13784 6719
15216 2316
12208 2181
10114 4715
8570 1174
162 7854
10269 8090
14559 15493
9798 6736
14054 1486
11104 5434
13527 2272
9585 15308
13748 6624
4798 2830
5031 10857
1916 4948
12189 8291
10063 15862
4600 10059
8318 10995
5420 7061
15061 11478
6603 15633
5595 5297
10474 15271
11067 2925
14663 15213
5960 374
11104 2246
12780 13175
8508 15198
3971 14762
10191 6336
15456 13698
12533 10577
2751 2164
748 1828
13391 6469
12587 7285
12545 12796
2617 1598
4898 3622
9498 1356
13785 6846
2597 12018
3685 10472
14347 15914
5874 5819
9874 4620
9487 8763
220 10982
6740 10811
7773 12935
14181 6509
11694 7969
5341 3257
1963 5513
10006 3163
815 9985
13477 15880
11240 14081
3762 15706
5515 8974
13173 5336
1720 2958
3954 1255
1413 1873
11728 13092
11296 15476
7642 6119
3228 12773
11474 11264
10351 10789
1575 15310
12075 15299
13698 10318
2502 11379
8713 13259
9494 5769
13594 14553
848 8734
674 13890
2292 14214
1648 15749
7264 4291
3000 184
14802 15008
2031 5581
8338 733
10788 5490
7062 3154
13938 11740
14281 7887
11941 6554
14494 11085
3221 11598
4555 10849
12769 11148
7666 13449
15893 756
8741 4067
7593 11605
11722 2212
6267 534
12383 12238
2121 692
7486 4310
2899 5712
9975 7899
2932 14880
15257 15111
7916 4187
2389 15530
1206 2250
11482 11420
7048 11902
12882 12803
15378 4635
5493 6151
3565 15850
5999 13424
12777 2672
4900 6678
784 12297
383 333
6160 2725
14707 3291
14974 10089
8235 13643
770 620
10507 743
5428 2743
11229 1262
6645 7357
15810 1482
5006 15812
14770 4534
15146 10638
4627 3902
8428 1626
11664 752
9169 3524
1104 138
9048 4158
2691 9470
675 6289
11625 14563
7456 5999
7380 6506
8586 96
15886 10850
5841 13025
1550 7799
1453 8591
3522 1363
15577 10009
316 3199
10121 10347
12338 4815
306 5047
11416 6643
15964 3829
7108 5386
4090 15759
9781 7974
6784 9026
14380 6847
12303 13014
10232 13104
6041 2038
3278 173
15343 4837
4336 3693
9134 12617
8042 5819
6419 13618
9679 10026
6146 12369
11186 6796
9862 4139
11383 12407
13556 12304
336 15610
6909 14236
13820 14454
4176 12238
15468 9980
5674 15583
6806 2810
5839 12356
1612 5119
9123 1885
15615 13959
7481 4796
12245 2108
118 385
757 130
14250 2925
2795 10810
12291 1601
11172 4844
15457 6858
14947 503
15526 15581
6557 7047
1055 7131
3593 11574
4078 4989
5602 9351
15118 11968
14845 13710
7607 3361
7399 15760
6351 12037
3346 14684
12013 11197
5246 14817
13092 13365
2299 1678
11141 2718
1609 3999
15092 5994
10742 10588
5449 5745
4256 2178
9416 8247
14562 12007
15804 3103
5313 13527
2764 3960
15080 1185
5580 179
11665 13161
3876 14238
8343 11540
6867 12163
13621 9060
10051 11708
1717 2246
7557 4236
12685 2916
9425 14185
12104 10873
14086 8329
2196 1465
9593 14098
9086 13331
8987 2331
15296 3042
8305 1116
13830 7931
13403 11872
302 10718
5408 9821
11081 8696
2904 9053
9884 6706
15834 14938
13477 9813
11973 10339
10301 6935
13996 8612
12274 14964
237 9441
3484 759
3225 1976
15086 5426
15247 13089
5503 15255
6446 15355
8796 1154
4970 14503
11346 2760
324 5192
2162 7307
8720 3731
3745 8902
11070 1147
7984 11925
5456 14884
7244 3584
4441 8527
12175 5584
11919 6403
7512 1629
4159 10354
10830 7561
14833 14450
5584 10224
13714 14554
14767 6760
906 11626
13790 2859
15272 5970
15180 3079
10906 7548
6954 3414
4423 13722
12257 4420
8063 4682
5804 1918
14481 10486
5080 6962
7686 14689
11655 1514
4686 15943
8608 11584
3643 13306
6906 2087
9712 15785
9026 8602
8866 263
9792 9411
13425 11598
9441 4404
10382 13253
15953 1340
14207 14151
4039 4324
11744 7535
8122 6435
15224 14891
3995 14642
13168 7947
14453 401
3880 1899
4595 372
8330 4600
2146 1597
10297 9723
723 9258
2762 6082
12962 3898
4601 11413
8684 3806
292 11333
10290 7016
14665 9709
1598 9658
11297 11137
8179 2064
8259 11063
1711 14889
2019 529
9910 2465
12120 10971
3334 1682
3060 10310
13134 1969
4955 14838
4358 10180
15618 8022
13812 11128
5410 5910
8149 11245
15782 11224
1220 4816
11538 1541
2081 3412
543 2963
11676 8419
11281 3270
6620 8093
10848 13742
4534 2080
871 13268
14182 14544
10934 3434
10299 15080
5932 15503
8847 8380
10651 1605
8903 5721
2474 11752
7414 10384
175 10073
5041 1038
15921 1831
8432 7490
6830 6679
14754 9285
8684 3963
1856 11187
13391 11298
7983 14068
11167 3175
1591 3047
6594 15653
12386 15050
9406 8330
8875 4208
3782 14613
1880 13983
525 3412
7091 4223
15304 2221
238 12177
13637 12251
365 5543
2675 15135
994 2275
7525 4025
14279 1903
5462 2003
7080 9112
11722 2623
9070 11452
6173 5843
4433 6457
13316 11858
4578 5567
4399 13191
8961 5010
13797 4564
11707 3699
14317 2974
2869 13331
6982 1430
4689 5896
4420 13614
1267 7537
10304 4824
8933 12749
10436 7275
4219 6558
15724 4848
6782 4848
5069 4787
619 1885
12608 11088
2316 15906
8756 967
10060 7932
8809 13732
9296 11033
10251 14552
6168 9800
487 10309
10901 7354
9309 15553
10111 12244
14559 5265
8205 10378
123 7750
4000 12349
7830 11580
4755 2142
15268 11056
3416 7963
365 6405
8737 14798
15061 15185
10457 11806
4384 1569
2361 6409
8372 11744
7514 11772
4188 11666
5829 7722
11485 6882
10671 9123
9275 14525
12449 13214
2264 1983
14641 8359
11600 14793
6463 14151
15370 641
14226 10666
9537 3474
8687 499
10912 7248
11360 2497
13810 8722
1378 2627
9640 9955
14398 5075
4328 15205
2022 15727
9640 7128
13837 7192
12275 948
425 3559
3602 9338
15772 6368
3654 1694
10202 2796
10983 9110
12794 6897
3952 3380
3932 770
5864 2517
12806 12366
10882 12353
11396 11770
7216 2571
10845 11012
1961 5070
10752 12766
5082 11978
2259 3329
4863 13357
1044 2679
11465 4258
4671 1723
1915 6185
14961 10908
6701 11514
6533 10962
3464 2897
7405 12833
2203 15580
3099 11295
1618 15439
5945 2179
11163 4885
5199 7629
14434 226
9272 692
8119 12522
4152 8308
286 13066
2558 15632
13945 15956
683 4171
6209 15839
1794 4751
11195 10697
13551 2403
15491 2539
15756 5172
4560 7021
13084 4208
987 3852
11192 8975
13883 2440
7366 14951
15828 4158
372 11958
14300 5490
1349 7045
5599 13545
12836 12141
8761 14177
10943 91
3723 11393
11721 7979
3461 13920
1531 14642
4672 8404
1308 12175
8421 486
11031 14181
11769 10435
8644 15166
15887 5544
4954 14736
7712 12681
5924 89
15726 5652
6947 6242
11358 4657
12170 9483
11093 6992
13043 13348
4619 10126
7189 12022
10039 4776
3668 10245
10900 9426
3933 2161
15256 9997
1822 5234
15314 11744
7240 10754
8753 3213
3625 10889
13523 15174
4684 13966
13990 11315
11563 5630
1664 6481
6029 5170
6008 1956
7697 13530
15036 12513
12085 6299
2266 13111
14043 13876
10419 2283
518 1005
10001 8386
5745 3259
11157 15219
5025 14397
10487 8067
76 3812
13399 3303
12739 14277
12949 1900
1599 14566
13160 1419
7864 10876
3822 10617
10404 12807
2922 12910
3243 4858
13508 2385
6663 9929
3219 15849
15179 2339
4656 8865
4871 8479
14253 14032
12321 7249
4699 14483
9155 2652
5729 5185
12473 9585
12622 15610
6176 11236
7549 15163
12705 7555
10469 8227
5469 6752
2511 7988
177 15598
7720 8722
8709 5544
3251 2293
11062 14314
98 7308
5360 14599
15624 1590
11654 6389
190 4369
6708 6273
3377 8091
3858 8258
1186 4842
7716 2812
12623 7930
14721 10239
10979 2248
419 5955
12101 9261
7853 1560
1184 8651
8771 6630
12358 659
5178 8253
10342 11102
13568 13461
14203 4948
10204 10744
5847 13879
12619 7834
11251 1895
12396 4830
15742 698
1477 2191
4914 3564
12683 7615
11407 3822
4504 10905
15745 5472
687 10372
8155 9339
4238 673
3711 15186
8518 8144
12134 5207
14837 2499
12911 15735
12326 11836
15295 3388
15504 5622
8670 370
11263 14780
15869 1069
6689 10286
7087 3668
6619 1731
9776 12271
1823 12488
6233 9365
926 2615
2724 8487
9899 5597
12061 13079
15346 5049
7504 1833
1992 6570
12726 13292
12742 4967
4460 15722
11046 9646
5383 12471
12299 7772
13737 13440
2378 737
7292 12380
255 8897
15949 13501
1990 15687
9242 5269
7943 9797
14016 327
7302 3433
5978 885
11259 1471
9928 14732
13782 13156
15622 6311
8740 4192
15451 14334
13704 13120
5009 441
1231 3494
5200 10913
8728 5132
8236 779
827 4357
4851 12380
13196 13215
10880 9522
8484 10961
10244 6057
794 7167
1252 8464
8574 9982
15347 1155
11375 15079
3277 2183
10861 6895
7393 11074
190 14177
9520 4932
830 9738
9045 11674
6958 3669
478 677
11440 12809
3940 3071
10985 9887
13418 4152
741 15385
7448 15466
810 8244
4038 139
1749 3229
8909 9620
2421 8661
2185 4681
9633 7180
2820 9972
10738 8981
3556 9439
1 3213
12983 3813
11095 3073
3627 9476
15641 11936
8833 4206
10303 8343
3994 10873
2527 8232
9222 2986
14888 7097
10614 13084
9378 9523
11442 8857
512 5937
10464 81
2755 12206
10686 5023
587 1651
5952 4928
7174 3216
9646 411
4726 14512
7985 4771
8195 654
2983 3406
10492 13244
6793 7399
12833 6936
6340 5728
7383 359
9441 14871
9572 8166
15464 4176
2530 169
4302 11466
15099 10312
10315 7443
4995 1767
8667 444
11095 9864
3596 8184
15035 7680
5718 14929
1187 12113
5328 11779
15572 904
11188 1132
2349 3916
15558 5971
10742 6215
13926 5883
14219 7079
9431 12371
9961 6941
14465 11999
12833 12315
6506 310
7086 1600
6503 12989
3180 15243
5806 166
10090 4611
8021 11973
1785 5595
9040 2370
5627 6608
12610 7091
15191 5662
15885 7078
358 7722
10572 12393
10138 15179
10261 13800
14023 11900
14240 10756
12211 1978
3588 4255
14519 9423
11306 3510
2794 12909
9991 4758
1360 7032
1333 7371
8709 9537
7403 878
1236 1902
14856 2217
11445 8617
6480 8524
466 13964
8237 11956
3186 410
2960 13893
5704 930
5140 5772
10366 9459
5822 3553
784 9024
7039 830
15803 14109
15636 568
13695 5137
6229 5026
13121 9212
15527 2730
2960 2960
9506 4358
11292 8786
5053 6592
2788 11622
9459 4980
14379 1920
2771 2015
1707 14906
11854 2176
14363 949
6802 10242
7332 15984
1104 3670
13228 1968
14863 854
7749 2010
6742 2706
14209 13419
2645 6210
13253 4266
644 1189
6651 3830
6265 13558
6447 15216
14697 4919
4542 11270
6345 10085
6795 11641
1335 13852
8240 12658
6336 9859
9473 1563
11545 9407
14212 368
13670 7365
9509 1985
10377 4809
9603 9336
1914 1232
4165 7345
6580 6865
10093 9582
7621 3044
11243 7922
6843 3735
3748 480
3170 4542
1689 9408
14712 9411
7653 11207
10293 1493
567 10701
6799 5050
11923 4798
2670 6630
1246 39
9177 2150
1797 9353
13289 3685
1846 2971
11881 9475
6536 586
15519 11750
9748 6997
1273 11776
268 5894
15656 9012
5191 8773
438 15986
13976 4659
9736 2791
6508 4943
5160 4809
4931 8762
2219 9384
7178 1786
13825 6434
15808 3686
13499 8618
7821 15354
8408 14161
10532 1986
10755 175
10806 12521
1897 14253
3891 3358
4022 1185
5085 5894
3559 2090
10294 4357
126 8639
12066 7765
1494 9036
11370 14378
1563 6459
10931 13237
1481 11352
9673 14427
12462 3989
12213 7409
11893 9541
9034 10949
6259 5114
1700 8885
14490 653
5445 7534
4061 9655
6868 15016
7841 9993
4217 10953
14203 3357
5948 5901
15011 3922
5597 8811
9792 5259
11203 12044
9331 10317
6030 14855
9961 6575
6646 4023
15984 14590
4100 8373
6112 4028
10497 6533
1983 3425
13946 15882
11568 3951
4649 2883
15476 13986
2743 15830
1912 9761
341 13345
7326 13187
12207 1138
5385 10505
15970 14819
9749 9004
7053 4499
11654 773
7871 10178
14950 4086
2606 13640
12501 6162
7213 7695
1073 8625
5379 226
13801 10483
1551 4552
15234 8811
265 6957
11008 15641
6545 15022
10966 11715
467 6024
952 13210
9563 3945
9019 14311
2509 13229
8554 7024
2243 8651
474 11057
6962 2601
7505 1262
11005 9546
11883 908
9563 15981
12475 6697
14150 15305
8945 11515
3374 6371
5420 1845
13656 5318
9554 11698
9625 15362
8002 104
1400 2762
3094 8983
2352 12473
9166 9970
7903 13361
9376 5369
10645 8900
15168 15566
5400 14905
5620 11202
14213 6731
11286 4354
2402 3764
1394 2851
5508 15182
1787 7665
15729 6354
9964 14904
5513 14281
4977 9955
15271 6226
14021 2438
10216 14763
10440 3616
2742 10419
15440 3110
11283 2530
1401 5363
8316 5709
