7382 14122
10938 201
5448 5904
3974 13452
5081 11002
316 15266
5559 1207
4319 8509
12671 14505
14530 10647
10933 13312
8977 7599
8614 4588
11389 7724
4180 4013
4533 8315
6617 339
5305 5637
241 6956
7924 10636
2073 4543
1151 15623
13299 14076
14244 3314
5450 6464
12902 1487
12683 13050
15684 2949
9411 11379
259 14260
14288 15169
12549 13704
5951 5834
4823 12611
5308 1577
14840 15771
11171 707
13843 2541
1298 612
11993 6105
5951 4678
4874 3626
15524 8575
2124 12661
11085 11567
9176 9326
10310 9587
8397 10847
1262 1945
6345 9442
11980 939
2996 1226
6112 5827
3017 6903
11699 6904
14712 9333
3366 853
15990 12636
5651 12445
5022 13185
14644 10854
15789 6881
13174 15851
5289 11717
12486 6098
3683 10992
7015 4737
10916 13332
4575 8635
12691 5930
6347 13572
14810 10049
9720 14351
15485 14454
2626 13109
9706 10101
14946 6068
8561 11645
5086 1393
4007 13551
4181 8012
14061 7274
11389 13669
6588 12284
4899 14164
13089 14183
12216 12400
11442 1798
13026 1272
6075 6970
5144 1367
4481 11957
6687 10050
10031 7450
2362 7948
14250 15195
8557 4361
3515 13149
10845 9530
12098 7972
7148 10060
8450 8541
9043 10034
12896 14223
14146 12543
15737 3411
5395 2994
11033 9167
12652 5423
9915 9416
2711 10926
11032 4513
11630 6745
1110 10251
1094 9945
5495 8885
15663 1842
13169 12948
8843 12861
5190 15827
1404 9495
8974 12564
2737 10640
8791 2156
12127 9698
12546 2750
208 2166
6529 9577
13635 8947
5431 3652
9030 2779
9689 1004
6673 12193
6882 15950
15596 6593
9982 7660
1046 5275
4417 4411
12588 6362
3059 3677
5731 6047
2445 11551
6532 14833
14224 9802
9052 13321
5071 15114
13822 202
5752 9761
833 1129
3135 8924
14846 9722
6413 15373
649 13168
15858 2825
12372 9060
12035 14212
3309 358
10059 15898
6074 1354
2387 5329
1864 6911
9593 4046
11785 10432
13793 12465
5910 14087
3651 6244
12317 2350
11061 14784
14559 6441
12928 15958
14368 15385
2197 7318
10127 5432
5909 2251
9472 717
5559 1616
11962 216
15817 11539
14494 9165
850 5688
7532 15802
4673 14588
15619 3398
10033 7926
14717 4316
3472 1082
14043 10208
9976 2339
15104 11181
1382 9191
14829 2781
11843 9662
9566 7402
12311 9885
3995 4823
5793 9694
1672 8308
112 12506
10609 5431
5258 12714
15331 14577
12057 13979
306 12063
10049 2611
10793 7094
420 11546
13944 8188
14945 15322
14683 12047
10783 1030
11418 7465
445 11341
7646 7321
8053 7792
11029 12372
601 14111
857 14387
8618 7429
12162 7059
15258 3008
12954 1683
2353 2593
14645 13043
1220 6491
6049 5751
557 4646
8331 1685
13058 5656
1825 15531
10913 12758
4908 714
9746 15520
4653 4460
9375 2861
8207 12936
1041 14016
6289 12821
13337 8581
11043 1987
9238 12219
4169 14446
9692 14560
4353 8020
1678 11643
14957 7931
8443 1733
6446 12135
15130 13924
9170 646
9543 6470
13897 1924
15475 15924
12968 7574
5677 10587
11167 10365
13911 13970
13825 7070
1346 14525
13880 4615
2080 13260
3796 8712
6363 1338
8605 14325
976 4467
6387 1300
3874 7761
210 12346
5588 15951
4452 7010
12293 2402
4243 4751
4515 15115
1201 7566
7935 12507
2585 6186
8787 7928
12710 1619
2813 13076
11670 3384
4729 4523
15813 13529
6649 15992
13757 8241
12093 11025
5052 10929
12332 15090
7982 10875
919 7630
6497 140
11757 1931
11475 3107
1778 1779
10608 2183
2719 1327
4527 5596
4238 498
13449 8942
12591 9088
15889 10866
9264 11417
15852 10164
11112 9252
4977 8309
2767 13360
1189 15814
10740 341
12897 9254
11930 638
10406 8806
12168 9185
13621 5373
1863 3480
2199 10041
14763 12574
3452 5731
13886 3774
11890 1763
13575 15393
8349 15222
10771 13030
7592 13647
15506 11892
735 2078
4541 6184
9045 13174
10029 2264
12730 6378
3720 14909
9711 10402
11124 12057
11035 3211
5238 9720
7336 13241
10198 10680
14736 7330
11639 2645
9339 10016
11236 10977
2592 15803
3015 8208
6196 14753
15658 5510
2392 7498
4013 9488
2616 15309
3047 4893
15903 12579
9637 716
5399 3700
7662 5874
15151 3973
14617 1989
10693 12106
14280 14351
8493 5861
1047 6466
7749 11784
11548 4271
4148 6545
7232 2561
3362 10811
13504 3183
10216 4207
9887 4986
10440 10621
15369 9907
8391 6237
751 3758
10571 2205
8000 15852
6128 3259
9827 9658
15399 2541
14311 11304
4666 3730
253 12568
8924 12287
10579 3721
14447 8879
9385 7729
9976 443
1291 13171
9676 9630
13373 1063
11000 8336
6546 13560
150 4860
5131 3232
11266 12296
12165 14421
10585 4307
4236 5029
11135 6728
8742 10387
10893 13016
9043 12920
10015 4690
14659 1234
12350 496
9721 580
12360 5979
1891 6310
12875 10474
11185 3378
5543 11472
14537 13794
15663 1234
9004 13819
15558 3003
4010 15786
13872 6190
10169 12184
11847 7636
10890 7232
7707 8254
8137 7563
3435 2173
4019 8946
11583 12815
427 7550
743 13846
3955 14893
1888 13993
8178 9412
15209 14069
4132 179
7571 7970
10504 1774
4093 4951
11344 10226
3907 15735
13265 12866
10163 582
11070 9127
6156 8616
10717 14746
4068 4436
463 14794
14440 5312
12567 11081
9538 15279
2745 9402
13889 15478
1365 15143
2843 14825
4430 10170
13303 7336
13756 8254
310 6388
5305 10440
6859 4242
8239 3908
2219 4721
10854 9461
9145 8579
7819 6567
13137 3032
10080 12479
7869 12815
6528 7394
11231 6743
12010 6681
11745 1459
5427 11880
12272 14061
3957 14322
6142 13947
12846 8330
11797 7590
6755 12458
12767 2371
7884 3258
3172 1429
5931 8328
7475 4412
13066 8423
9337 5085
4869 8643
10342 2989
1178 4216
8701 15384
9612 9256
4295 5925
739 6476
6817 15955
15266 8401
15523 6980
7230 5285
160 14042
11677 9098
3599 8393
13044 206
3046 14361
5014 52
14835 4055
4328 7148
3588 15486
15171 4025
6649 3749
934 2719
10280 7758
3302 15082
235 3322
14782 3860
7431 8349
2838 13606
10942 8438
7683 14664
11046 279
12041 4393
14105 12833
15587 9360
11246 7883
226 4007
4104 13749
6800 5080
6190 445
8261 1795
4932 8296
13922 29
9798 1929
15371 15725
2462 10945
636 2302
2823 11995
11096 13455
3501 9107
3128 4683
5747 11038
3069 2150
14694 2191
9963 9348
2177 9148
6357 14777
11437 1893
10243 14133
14835 504
10053 13331
5357 15635
8587 4374
4039 5244
6276 15392
1643 128
3710 9170
14209 11135
14283 9319
11037 4066
7551 5014
10140 6393
15682 10708
11200 910
15948 5525
15934 14470
7914 6148
2489 12316
2934 5259
3632 4328
3225 4952
41 3174
10699 13067
6172 6718
1432 1529
15408 1976
12652 327
12646 12216
14467 13481
6665 82
2885 2300
13242 4818
10408 9315
14179 12143
5369 10695
4638 7202
2877 10228
10836 3320
498 1328
3412 2705
6786 6506
611 9069
1779 11617
5126 5874
9872 9424
12719 2430
7648 11467
11132 6494
15577 4010
6725 12839
8102 2627
8771 2934
3209 3378
14463 14734
14301 10088
399 4703
4931 2315
14086 3522
10413 1900
7724 132
9749 3341
8866 5707
11513 6241
61 11031
6374 4129
10830 14120
3862 6679
9923 7751
15428 4183
1471 11902
5180 9668
10981 1073
46 4063
6737 5783
1297 1077
13383 35
4351 6061
10443 12980
8097 3983
9916 4503
9031 8252
14559 12375
5360 14273
7894 1613
3738 980
7093 1719
5427 6514
11840 9911
9184 4073
13166 7968
2260 5462
5956 5613
9977 9534
1340 3817
15034 8005
5497 9681
5316 1035
13736 9706
3162 12437
15379 10171
1990 9274
13388 9628
13315 11860
8376 13132
10928 3000
9448 12779
6273 9253
12444 182
4050 5616
976 2081
15043 5212
12310 9302
14512 11038
3598 5298
5262 7493
800 9773
2544 14778
2545 15466
15971 5032
10545 4579
14162 11783
676 3633
8431 9089
15107 124
12161 12991
9286 10877
9457 11930
13453 10476
12238 13030
4122 14415
4116 692
11790 13514
6666 12438
1163 4045
1763 10606
8953 7217
13440 15514
8798 10909
8505 7610
10839 15540
6228 8403
14787 5698
4426 679
6072 12998
6358 3076
11086 8560
10786 1688
11030 8499
11994 2967
14841 10426
1060 3361
9813 7528
14847 7743
4725 5684
5612 3136
12678 15614
13851 14232
1613 5459
3657 14633
14618 8733
4112 13128
10145 11870
1341 14828
10052 4176
4870 11603
7190 5470
825 12789
9888 4079
9988 3323
12464 13822
14126 5054
7925 709
2603 6588
11443 800
4757 2643
6527 1138
4435 10322
11147 8121
13158 6209
11280 10661
2565 10672
292 10915
12658 13180
6763 2870
5395 3568
10694 15680
2731 3171
2044 7492
3814 2535
5779 8880
1220 838
3755 5471
3188 11491
11477 9642
6268 13163
916 12274
8845 12750
10454 6312
2292 1817
15275 985
1659 12544
7498 5716
1416 13796
14890 5035
13407 15950
1404 10947
323 3857
10062 6276
2694 11792
6426 15505
4411 10095
12169 6995
6289 8849
6585 9541
1089 7665
10026 4155
2293 14118
3652 4036
12773 1517
14762 5084
1907 891
6979 11329
7704 15944
675 3187
8493 8644
9954 9098
10749 4169
6219 10728
9896 3889
15002 9301
15880 15324
2796 3933
6364 9668
9865 9139
8038 919
3162 14633
4204 442
4382 10042
9127 11282
5392 1899
14138 7826
3909 7487
8907 2933
1684 10095
14151 9952
12007 1802
3062 15767
9562 12632
15909 9978
13260 207
14369 13249
10418 5901
6894 487
14280 11624
6256 1546
6450 608
8391 5227
5527 5956
12407 888
8827 7698
6184 10825
6206 13158
8341 4146
4567 9797
5484 7811
7160 345
12322 7849
7291 11643
12275 10983
14899 2990
13783 4725
15060 9017
10733 15804
5025 5226
3670 7612
12166 7339
11784 11989
11457 4610
13219 6092
9359 3275
3511 11890
14023 9392
13890 3146
2877 3470
1062 14173
9077 9013
1404 4552
10889 13257
2871 10522
10413 8857
7454 157
7123 4234
6885 10623
3487 4088
13865 3341
13817 4395
11146 11419
880 12656
3876 11907
177 4641
4506 1374
8386 9652
5284 14550
15943 8684
8860 3093
4364 5184
2659 12610
15597 13539
3357 3889
8375 7683
14527 7414
4477 395
4752 6060
7769 3368
13842 3092
12182 12205
2535 11333
14204 15736
6985 2441
12044 7281
8775 3591
14281 17
2229 8176
2618 11201
10041 3945
8342 10283
2012 9031
7770 11851
15563 1138
13433 4537
6597 4856
42 6942
9807 12314
5852 8141
11609 5676
6152 10593
14796 11904
4683 4830
13753 9073
15103 8511
9933 15578
3651 2559
7135 1280
5785 11853
9245 8518
7613 10230
13846 13916
6874 5690
3601 6041
621 4385
9354 9533
12577 488
11036 11051
1451 4298
15545 10470
847 3112
9022 8009
15901 15280
10547 4914
439 3703
2073 9312
9050 12767
6 14194
2217 5849
13198 10918
8778 13349
2639 5618
15962 2087
14250 5465
3613 7505
14599 5914
4963 7568
2177 3317
4983 1981
12856 829
10678 4040
1069 4080
13580 2198
9447 2357
6356 15161
15769 15817
2511 9255
47 15521
11915 11711
8067 13896
907 1267
4454 13035
10294 5459
12658 9098
15765 14955
6837 11433
13629 10013
1134 2329
15914 9812
2178 10762
7055 15032
2568 571
12521 4685
3973 4713
6335 14923
3143 2539
4809 9383
12888 15829
13343 10672
11937 14923
4184 5719
12700 13567
1133 10701
3546 2632
13030 1082
11214 12137
4236 4908
8128 1826
12594 14259
15533 4444
11300 6387
5962 4413
5769 2620
9326 2265
10380 5000
5067 6471
8004 11756
11239 15836
11016 8701
3303 11322
11419 6433
6233 4300
10035 7598
7795 15191
11988 1280
4015 8055
1626 4212
2998 10753
2454 9150
5982 6325
1348 87
12992 10162
10024 12229
15097 11333
3082 8667
14378 3168
9137 9622
15523 4512
6440 34
12592 2503
12399 5974
961 15354
7171 10677
1173 70
15474 9614
7206 5642
4428 13197
4688 11446
6820 9313
6185 15911
9646 15948
14161 338
873 1375
7617 5112
15415 7547
6253 6087
11695 13297
7603 3894
3657 14513
11055 13536
6378 3419
10911 5574
4139 11770
11517 1008
14341 15408
4706 8974
12909 4617
1270 4463
6972 15726
12415 2577
202 2289
9178 15562
7096 11343
11843 5321
10111 1894
5118 5267
2177 6826
7910 11384
12005 7873
8593 13541
12446 14762
8221 1909
5745 4222
7211 1397
14515 4041
9849 7078
12979 3646
6950 6011
5148 9212
2750 13505
14749 940
13822 12524
13424 14032
14159 14971
6580 367
7855 4461
8321 8527
12812 3860
3930 12843
6785 13792
1819 733
5626 14143
6259 2761
14643 8653
810 6412
10009 10728
4627 2574
12406 8198
10840 9282
1439 15429
13257 7816
9463 15256
3692 5157
4133 6025
5951 1040
1963 6133
109 3432
10133 14601
13333 454
15318 800
255 10725
11427 4958
8498 10876
8764 14610
763 9954
839 4688
11916 12770
915 1260
3053 9760
14129 8960
11160 15558
5311 1936
702 5452
15054 862
13725 3420
11953 7536
13397 12276
15315 3247
7808 4433
10814 11883
12991 4138
2479 12480
7542 10956
8519 13016
11546 4967
12611 9408
1742 10065
9894 1890
458 7606
14185 6196
14039 11867
8361 11419
14796 3736
15885 3559
861 10800
13575 11937
11955 6236
12260 9947
2375 4305
13147 14306
14011 15757
12172 10051
10160 14642
14711 8268
9050 12918
13442 8127
60 1643
6718 9759
4598 12090
13959 5918
13820 2094
14875 13471
5747 9510
9659 8973
862 4510
9242 2016
8967 11153
5165 2586
6723 14992
13577 11322
10483 8640
13665 4358
3412 9294
3840 1585
3755 8157
7590 5221
9233 15120
5859 14540
4994 4898
5088 7242
7942 12201
15070 2913
21 1357
3283 3482
14426 6588
8538 14920
13697 4644
6882 7662
85 10843
11737 13345
7472 11955
588 10202
15334 4498
14258 13702
4409 9062
6638 1928
5958 2351
6529 13034
7750 13703
6231 11415
4762 2237
8626 10384
8891 11601
14238 14626
7210 2691
5997 2082
8717 13426
11108 10087
14293 14869
8063 262
8652 12978
13826 12890
2549 8071
9486 3401
10994 6535
15250 4212
10456 9114
12506 11930
9022 8888
7312 12563
15539 7611
14764 9828
8839 7995
1613 1430
3317 7604
12141 13478
10343 9254
7726 14979
10910 4878
2991 6685
9990 13031
11528 13124
7760 11755
14600 2591
964 4395
7149 1546
4943 5527
8858 1080
12471 1332
14677 212
1022 8222
8363 7682
4231 15720
4852 11452
2570 8042
14254 9231
6118 6697
1376 7503
14014 6590
11559 13089
2506 14033
713 539
13715 4540
9572 13076
15832 12867
4868 1263
6131 7865
7868 576
1318 13280
9674 8449
4155 13083
1952 6029
12628 14290
491 11087
4146 15256
558 8255
7802 1676
518 10036
13224 11498
1678 1575
13385 3333
8094 3486
4225 6684
423 1703
12624 2245
8311 4418
2813 7584
4047 10671
14819 4458
1041 1010
14868 438
9982 8119
8373 4462
13319 4297
9859 2994
10355 6050
999 2168
36 12345
14869 12343
9994 4556
6842 10900
6116 8862
11586 12462
12521 890
13063 11698
14733 1096
13647 5019
10678 10138
7704 8349
12565 8963
2377 4296
7553 13273
6490 9887
8145 10574
7329 2514
12847 7406
2002 3707
3542 2088
4901 1869
8996 14244
13748 8151
5152 5959
3944 1524
11599 9399
13886 14036
14814 3786
14754 2924
13104 13380
11835 12849
7584 11993
10424 4580
7750 9985
9896 5671
5703 843
2161 14507
776 11597
14878 8029
5141 5156
13007 5112
2355 11285
7008 14284
1776 11833
862 15081
14745 13906
6996 15363
10326 2619
12906 5634
14061 2914
12257 7912
12567 2146
1223 76
3897 2139
13171 15228
4114 2371
11986 4737
4562 4072
12837 8517
13086 10911
8904 2347
3254 6718
1053 14168
2932 7397
15927 8084
14789 14699
8489 11457
11919 10916
15331 10446
6498 3668
4470 14235
8628 13244
3724 14475
9966 8133
11420 8286
11931 6524
2002 579
8760 12702
6414 3531
10769 14099
4463 15161
4044 12957
9317 578
125 9308
14819 10571
3778 13778
12621 5969
1716 1637
13642 9380
7799 4095
3265 1334
14801 5372
5117 9179
12248 4063
14482 11076
5093 12092
14187 1259
3458 15396
13973 8434
2700 12217
6401 12745
5857 9929
10541 3370
3150 1685
2463 15925
15767 9032
1312 14345
9768 5449
12301 5705
14799 3663
15394 9101
8172 10995
11531 6185
13633 15175
4328 3504
11115 4368
193 7482
14212 5987
4358 10386
15635 5262
5205 1110
195 15389
15538 15207
10064 3005
11322 256
4815 14874
845 13940
6369 3625
1009 12355
3374 1622
13124 8730
7540 15128
5720 5464
13736 9886
12159 1480
8356 8567
7242 14058
9521 9451
10508 10289
635 10621
7146 3647
1959 7168
11245 8320
249 8097
9182 8296
9661 3466
904 12553
3050 5041
5770 11314
13643 10022
7807 4019
14605 10734
15729 4323
14705 6007
11543 6832
3043 801
3818 12460
3503 8790
14427 13997
6673 6635
10280 464
10284 8615
13916 15279
1218 2928
14816 531
11034 15548
9944 5609
1538 15390
123 6804
7360 12888
12413 5045
7513 15514
6766 5000
13416 11439
4806 11927
7604 4859
6654 6570
7528 14348
8677 7785
7107 12614
14825 7506
8527 226
10132 6649
8340 1952
8602 8653
11728 6697
10647 12484
12431 8502
12692 2288
13588 12613
12279 6909
5602 6490
15632 7237
2841 12634
12462 11261
7379 5395
11779 10202
3019 10249
13868 15267
5659 7623
3272 15731
15927 1850
11084 5082
8827 5934
105 10707
3438 13679
12083 7038
4554 8093
10277 14876
3620 15861
9566 9561
8988 14832
2309 6771
2572 2647
14395 15523
1727 8592
503 10153
5158 474
12191 7986
12508 5315
14432 4386
14705 4740
5060 3839
13488 12602
9590 13610
8183 5720
6794 2756
4197 9090
2793 206
7694 6409
12407 13423
11083 975
9190 3154
3572 4181
3206 7046
14120 15721
8761 2927
12788 11677
9966 8351
12375 11825
5135 14453
10640 6431
6384 7746
11209 1729
7240 10269
2965 11475
15313 5086
10811 11663
1004 4582
1905 4763
2801 6858
6843 10912
7865 13567
2999 11121
7415 14355
14642 9376
11792 6859
12708 7383
345 6517
4649 8365
1077 9149
7340 3294
3033 640
10449 2167
12867 15076
9683 2300
9156 15499
12275 14738
15939 7708
13008 14180
5533 9554
15650 8393
11559 14408
5991 1950
39 10730
14121 11182
14109 14192
11504 1517
9790 8280
15547 8360
6519 9388
1090 7715
8797 5640
6997 13690
12722 4342
12885 7420
2100 4655
8053 9301
4742 1100
14506 15929
6134 10588
9754 9086
7704 4264
12815 627
10284 8789
3633 10662
7658 1957
3671 1363
9349 7054
8317 9616
14798 2808
7218 1987
4371 7226
2652 2312
1604 10042
15902 9800
9350 1208
11782 7696
5114 7018
11144 9897
14541 11021
81 7859
8339 12886
13915 7675
11969 15705
7064 8731
12601 15214
12564 14735
3882 14703
8145 6600
3902 573
2498 13727
14261 2919
13185 3604
1101 3928
9493 13977
1577 15929
219 13678
5540 14500
1090 4073
14979 6399
15699 13852
10690 13859
7823 4901
6282 8611
4034 3726
11922 9354
6690 345
11165 13135
6492 13490
7155 2617
3037 6883
3276 10380
10095 14006
6687 1300
12323 11860
13087 52
208 3667
3154 3538
9160 1442
11167 14916
11486 8045
7463 7480
14855 9115
10292 5569
10512 1498
10351 728
3120 12896
1848 5457
8058 14982
211 12267
12835 9900
9361 10864
4250 11711
11952 11575
1829 3337
12170 8597
13226 209
11809 6441
1596 15313
11694 1944
1283 785
4566 14320
8303 1212
2518 12836
12118 4510
355 13257
11995 4855
106 626
10440 6105
11269 5801
5262 14638
6300 4761
5753 13865
3856 15037
5370 15146
14912 15192
9452 5549
10402 10631
8543 10455
3296 13488
13898 3346
7527 10703
11107 109
4787 7322
7759 6511
11469 7501
1486 5694
1117 3631
12663 882
6321 14179
15313 11365
9715 11853
10772 4688
11461 13813
7874 6028
12107 9911
9504 14425
13838 9719
9660 10093
12333 10155
8586 1666
7480 5414
330 10105
4178 2726
11131 12581
10224 1122
5309 1206
11323 14417
14953 3644
742 15328
12598 11492
9979 15018
13985 11366
3022 2517
12421 7195
4767 15734
1486 2807
8241 12329
1270 14874
12798 1317
9230 1271
1990 13360
10866 6510
13718 1864
11171 7065
9443 8988
7918 2632
10778 160
14635 10336
15658 601
4231 13100
338 556
2908 7641
10381 7790
9459 4431
7740 5422
9858 11870
10851 2106
9883 9457
10777 7558
442 3475
14448 3721
5604 11943
5760 6683
5139 13619
3928 12244
5982 14376
8008 11472
9710 5591
3150 14333
4079 2596
3635 429
4952 13965
7410 6397
6370 1835
6319 8668
3218 7286
787 13386
15891 14101
9397 7901
8232 5614
6111 7012
9213 7257
3004 10992
7290 914
14213 357
13089 13634
2915 15373
11484 4721
9551 12788
8556 11625
11162 15024
2529 7111
7306 5466
11412 14054
11199 6352
3399 6194
687 9704
10895 15120
4476 10592
5169 9090
15217 4731
10934 15508
4000 2781
1209 4656
11116 12872
14100 14918
1906 5245
6786 9109
1018 12612
321 15097
11963 8124
5913 13417
6582 3811
10323 7813
388 4011
8983 3178
9445 12283
6957 9600
7635 14474
2183 14220
15317 15173
8758 6749
1877 8383
1248 4160
12059 13682
8778 10191
15231 8961
6383 1749
15200 5997
3312 5348
12353 1465
13760 11930
1343 9789
5889 1073
7349 7201
842 14403
7334 350
831 11471
11848 15305
12379 5518
1293 255
5439 414
8487 12251
10586 8444
2890 15883
12611 11632
8106 9995
7113 12369
3508 7647
2946 7636
9760 449
690 3791
6287 5239
11642 7082
10311 2078
6807 11007
4682 8494
10441 1302
14531 1160
9108 14715
13431 15865
13305 3139
11264 5359
8439 8110
3536 8675
15137 6114
13414 11790
15795 2155
7828 15038
1812 2996
15550 554
12477 10423
14034 4482
9894 14352
4137 11783
9056 4230
102 15748
2691 870
13878 11052
5612 2699
11694 2060
3400 3643
14016 14319
7365 9826
14496 6811
10110 9227
6965 13054
5106 2100
2570 1169
3625 11675
4244 14960
4173 3173
1517 7903
3085 14695
15172 15756
8912 14065
4095 8303
13202 7260
205 12029
6636 10372
8553 8073
3714 4636
11431 14604
12119 7169
9969 14984
2936 4457
1331 7330
6017 9593
5586 14983
8338 13200
12313 15269
9219 6975
11256 1047
3327 9292
14567 10738
431 210
6799 14832
13890 8856
11311 4615
6969 11551
2439 15196
15278 8525
3301 6586
5430 4653
11701 1859
14387 4967
5806 3514
12629 11622
5024 9749
3159 6425
1413 5838
861 12555
5747 937
12494 13481
14743 9553
11814 3407
2042 8027
11047 12514
15179 657
10471 1672
419 10855
6019 5567
7872 871
1360 12272
12729 2210
10148 11116
6037 7569
4007 6961
4794 10995
4559 3158
5104 6430
11294 2636
11013 5139
7461 9989
11045 1323
6725 1382
15101 2521
9516 15609
506 6400
7273 9479
2499 1840
11991 1539
3254 13976
2886 3485
14863 1425
15915 2405
2499 3373
10207 13090
13035 4336
12947 4746
13955 4283
12184 13662
12883 12261
2602 9591
9650 3838
7075 2104
3415 2516
4340 811
11454 4809
3277 8837
15299 8319
13605 15452
15514 7308
8636 9240
2432 14329
12857 9559
2597 11559
822 2540
13218 11368
240 14356
15176 2818
2307 6909
4488 11176
749 9488
4356 2956
6436 8776
11164 2576
8570 3184
6351 6947
392 4949
14706 3201
8556 11659
8254 5922
10628 4697
2824 9702
3236 231
15071 13682
10908 10511
7290 5675
10392 1024
7357 4040
5360 13048
2721 467
13238 7886
12809 413
11704 3491
10959 11831
2498 9504
11668 15513
7018 9518
13027 14598
4281 15089
15718 11324
3407 12139
9949 1890
3142 10586
12093 8869
4157 10918
1820 11504
14079 8040
832 2719
10261 3771
9777 3785
5478 7169
7108 15966
123 7982
7648 15184
12030 15026
12974 12151
15793 903
5705 9546
8607 6151
11344 13687
5503 8349
4369 3396
3066 5226
6182 15493
2847 1036
3566 6133
4807 11272
10382 5404
6115 10006
6842 13027
12015 5991
8664 5955
7182 9391
1057 5544
7472 11286
15686 11850
12673 13106
15745 514
5783 2987
6846 15685
12489 5948
318 2543
2088 6794
3656 2497
8235 9561
7950 2209
8727 6270
8634 9111
3442 11062
13387 14901
6423 11045
12612 3623
7233 12545
12892 2834
1324 14611
3933 12209
5357 14577
8745 2801
4432 9494
10527 14676
11292 5694
679 14920
14947 3172
3218 2748
9515 3018
2014 619
3755 6570
6411 3643
14350 13691
1707 14898
1180 3071
15275 10336
10190 231
14558 11952
2311 15098
14967 9580
10306 1151
7382 3975
6728 14162
5234 15187
651 3982
7740 3368
8610 12567
4220 11393
2091 7925
1131 10463
3599 13927
1321 13433
5439 9241
5445 12049
11845 3821
6218 6255
9644 8641
9671 11976
7296 15639
321 9072
15765 225
6022 3716
4321 2752
14212 7814
12875 12754
13258 3755
9300 8143
7700 7744
4066 6069
14199 7928
9352 9089
10017 7826
15929 3506
6184 6310
13674 12377
12133 6022
340 4994
15171 14270
11748 7657
6944 11544
13363 10831
12394 6619
6957 8973
12235 13685
15344 2285
14429 11800
5439 595
2473 5881
6097 7824
2635 7295
12054 12011
9228 2471
2986 10663
7723 10206
14831 5931
5370 2965
13514 236
8527 6627
13693 10056
4541 8900
2215 3485
3656 13521
2396 1804
2762 14095
11913 8236
11484 15001
9245 9568
1452 12937
13790 145
12440 4239
8914 1871
11406 8809
7121 3306
7751 9661
14677 7596
12048 15396
1643 2362
2273 1781
5279 469
15990 6660
1077 531
13529 13848
8757 13789
442 5393
4606 6003
11065 5049
11036 8704
2460 4064
7159 10797
835 13701
4452 15924
10756 15329
7920 567
12913 6537
4448 15689
2134 14081
6222 11632
1602 318
15372 13562
8067 6578
11072 4392
2964 9930
13185 3097
4222 6378
3556 5289
7844 11353
446 13736
7686 11484
4682 749
10137 7720
3638 9967
5081 15398
8482 5328
13164 6420
15946 926
4523 1233
878 10865
7509 9591
11433 1513
999 10030
3550 5604
10836 8136
15415 14809
14766 12823
6764 6598
2273 1657
11615 11596
9269 8729
8274 12264
10112 13753
7090 8676
12745 6915
2975 6248
10193 10883
14097 6315
8159 8903
13368 13896
6350 1848
4371 4536
2524 9296
12099 14141
3456 15853
870 14120
12420 3368
9219 3201
7830 15356
3510 7404
5388 6547
95 10830
2661 5207
2282 9277
14538 2567
3500 5058
3449 6319
15865 7338
9392 10475
15720 3539
3057 13269
11432 14920
1983 13471
13491 7972
2344 8908
6190 12389
8965 14866
12553 2726
12647 8859
7610 11026
5903 3363
1298 2764
1688 86
3379 10570
9616 13051
1674 11663
5794 2246
12433 13130
8493 174
789 11142
12852 9554
5966 12890
3169 10591
5342 8185
2226 15323
7267 9345
6830 15227
3852 9476
6922 1711
90 9361
12810 9193
7437 2882
4765 1824
5839 15462
1940 11590
5875 4559
12746 2872
14994 12299
616 13635
15644 4462
5992 6841
8460 14095
15635 7941
8678 1755
4205 7757
14833 1214
4666 7848
1667 4192
11901 13878
4852 14518
6796 12808
3791 10032
14311 14670
2903 6394
8916 3075
7557 4535
6719 8524
179 14513
12148 12141
2590 3055
11173 914
13937 13430
15097 12089
12665 42
15746 14540
6092 3321
12637 12182
15029 10782
5352 6328
8842 13820
1728 12022
5394 10200
11365 13766
9187 11431
2816 148
5107 13397
1149 15611
9344 12587
12702 9513
4801 12330
3886 8022
1469 6174
13251 9872
5702 3756
13256 3432
13021 8591
14604 6970
4091 14867
13500 186
2023 2843
3660 12633
1770 13991
13739 15492
7909 214
14905 14395
11996 9499
10749 5571
7461 1352
5891 8793
14924 6518
9975 10979
7173 12059
6847 6775
2006 15381
6917 13466
8740 7464
5209 4452
12472 15500
10789 7126
7927 13957
8829 1305
14336 13327
2789 1006
7248 15025
2946 1448
12895 3932
2212 3883
1760 15453
9947 11414
732 13569
10696 12135
15296 13284
14642 6885
2186 6924
9341 557
3286 6060
12156 12303
3428 12671
1307 7443
8098 14276
948 8097
898 3599
2498 808
12307 3625
14056 8023
2003 28
11250 7768
11746 9213
13281 12875
13814 1391
3922 11430
10044 2277
9654 15029
6885 5285
8420 8802
2383 12740
5210 1788
10636 112
9442 5797
15510 706
3793 3589
2263 8158
663 6457
3433 5098
6241 8702
6289 14803
4714 13561
4182 11418
4737 13655
15649 2755
4802 14639
10603 5230
8777 15938
824 11905
4697 4283
1692 12068
12755 7045
7070 2565
10950 5671
7287 15369
14394 7685
2456 4379
7998 12493
2448 4951
5245 8593
8784 11522
1175 7576
1604 7136
15626 3504
6569 11896
4516 8517
1336 2644
15241 15595
11173 3511
3608 1353
155 14991
6275 13743
15172 15272
9749 12148
4011 12285
15285 11270
6595 14648
74 6924
576 15570
5861 13312
13159 6886
10224 3554
12201 2498
8576 10307
3582 8808
2467 5393
13360 5816
7079 10158
12609 14214
2593 12334
14799 2761
3245 6415
13651 6746
4225 1056
13155 10217
12842 7702
14490 9438
452 8829
13587 9198
9814 9808
2789 13694
4065 11894
11852 7721
7678 11323
4525 3051
2201 1844
43 855
10234 7191
14279 12643
10649 13284
9169 4923
845 8701
1607 9870
10113 6457
15939 9056
7412 6082
8953 2012
14272 10872
2950 14202
15302 10407
12364 13524
6727 11326
2525 13303
8749 8263
11252 11512
1058 3499
8 8487
7363 4041
5663 7314
14495 12444
7234 382
12162 3659
9386 15428
6051 8920
10228 8473
10731 6961
2294 4782
7602 14723
13447 7140
9876 1951
11529 3680
2088 2154
11746 4000
15206 12451
4362 13237
3096 8949
8616 4830
7136 4821
8957 7118
7413 10394
5330 8502
5857 1381
3154 5788
5439 3462
5559 14457
15447 7595
12942 15491
8129 12345
13828 8580
14660 12115
6052 13529
14324 4114
3027 2177
7129 14176
2166 12902
13931 6543
8973 9183
7548 6440
6039 990
13642 6026
7519 11370
15285 13036
1761 3016
10139 15867
8070 7643
6496 8605
11805 12672
4975 8779
244 5838
6768 5552
3423 12498
6605 6885
13955 1374
8645 12021
14938 15060
14389 2078
2135 7353
9235 561
650 4742
5490 8480
2790 15973
7366 8398
4146 10385
7285 13810
7878 12856
1584 14692
6286 2404
2227 5878
14624 11423
3503 11067
14626 15911
5841 12406
1545 12873
10547 8106
4519 9666
13431 7710
8917 10083
7712 7925
13085 8432
8694 13837
14782 14348
14694 10101
6285 5192
14695 11947
2831 12437
6608 8543
14769 1534
9380 9055
23 8119
5323 14625
9891 6546
6919 14410
9372 11980
12527 5816
13875 11441
11110 10929
6993 10490
10820 13431
8883 14110
11807 4731
409 9119
14750 23
9446 12166
11184 1019
9576 12960
3517 9508
9842 14369
4410 7680
5160 7150
4706 7540
7975 9018
14774 15728
6330 6994
8216 5689
13484 5544
6513 11310
8835 15839
5123 1664
1893 11910
6158 11013
14049 14684
6605 3000
1039 5054
12620 8804
4950 1294
874 14715
4951 12693
9076 880
2952 14378
15160 10497
12992 12373
2026 2540
14985 147
8320 1268
6859 1403
1328 12478
249 12631
6711 1792
4242 10147
14092 3829
2463 12871
14536 9284
1515 15007
7249 14980
10835 8376
10084 11080
5171 4414
10753 2812
4055 816
9905 5110
920 517
4684 8543
12440 129
5387 14245
5445 9994
11989 14831
14790 6875
10508 10659
11555 11176
13790 8146
14628 12865
13234 6809
11830 7046
7058 6621
5584 2992
9375 9759
14040 5938
4120 9049
8101 15339
11059 7674
673 13235
13686 7189
13661 14153
14522 13659
2148 10429
10678 8324
1705 2742
8548 4123
10402 6459
7757 8400
8317 11278
9377 9987
13887 6307
514 9185
9445 728
15315 8878
13691 5086
6429 4796
3884 13603
5886 2198
11520 3394
4972 10702
13873 7630
11779 2457
6798 7975
9662 11484
9766 14406
10659 15425
9002 6131
8837 12607
7382 833
8955 12934
8335 10966
5838 3853
10719 2361
10958 4666
7224 3634
12324 582
2277 11642
10816 15183
12278 11280
3408 7044
160 10406
9492 9248
12027 745
5942 12000
11741 1060
8840 1650
669 1809
7487 11182
15948 14812
4411 1601
7686 15406
13800 10106
5004 10697
5063 11138
8473 11692
7299 11784
13457 14559
11015 10794
5595 4533
1877 11310
10519 9280
14444 8765
459 4157
3542 7078
12710 5992
2087 5254
12849 912
6633 13706
12710 3234
4019 11958
679 13292
15949 8593
10825 8600
14171 13551
15945 11300
2912 10665
3930 7771
9068 7964
5760 2022
8032 13382
15730 2536
2712 12346
12000 8108
6703 176
10960 11182
9573 14905
1764 5817
12824 14531
12485 339
7521 1673
9429 497
7753 5832
5254 3181
11053 7940
24 1105
1336 2308
12584 11271
5749 6481
12981 7412
1437 14067
10387 8491
973 5242
2420 15845
7565 13735
1006 3931
15763 10277
7483 134
13201 15988
5048 8946
7322 9755
4306 13057
13145 8631
4030 14891
2858 12082
6983 8456
2474 3809
1789 3486
5516 14763
12900 1959
8745 11513
14705 6785
12275 12010
7428 12509
1185 8121
6373 5997
8565 7650
5139 13952
5794 5887
10653 4591
14566 10161
15941 5399
13753 4500
3109 8690
14659 1556
12666 9413
2670 14635
122 13837
3447 4251
13388 10923
9924 7996
13503 10372
2371 9843
14508 12508
10968 8098
11411 11582
10858 444
14933 6362
5401 10104
3384 5065
12898 2503
2527 12965
9516 9034
12768 11586
4281 11654
13220 4380
3504 14950
282 13605
11284 5755
10598 12530
7744 4841
8681 13018
6903 1159
10380 1710
5430 7950
5853 8641
345 12947
6647 7154
3434 10752
13876 2002
12545 14253
15625 3310
9107 881
4078 8451
15849 15688
3115 3704
10570 5620
9256 12063
4662 6255
13660 15193
4869 7137
11871 8076
15915 12466
9834 4620
11295 2891
3153 4060
4841 13751
8116 13060
15713 12870
2298 1599
11444 10258
1357 6541
14418 1309
7091 8445
10158 10454
8771 12849
3625 14811
13159 1750
15638 4118
9352 2453
1831 1009
631 9202
1754 12222
4999 14516
13317 6855
9104 14737
5045 2576
15860 6699
7548 2505
5045 15417
10834 10151
8994 2532
15655 8403
1413 10521
2498 1800
12272 6051
11252 10961
3751 8153
8558 13353
15461 2529
1232 9590
5794 13815
9990 7656
9597 7225
4972 15770
13443 6038
2139 15557
10778 9386
15017 2697
3995 7824
8044 6641
7374 15660
850 14126
1454 5662
2871 9917
11968 13149
12395 930
3383 2308
8744 15116
6195 12924
3014 4606
13691 8470
8345 8840
15111 13626
4243 9277
4542 15700
15396 5554
14230 2549
11851 8100
8099 4792
13 11942
6281 3786
12237 6360
11508 7419
3455 8185
10949 15109
940 8238
9484 14438
12519 9325
801 4551
4999 11097
4942 14096
6879 10626
6100 9033
2849 10810
12448 2228
6291 8678
4162 5224
12624 11944
12566 1363
3722 10698
8246 2517
993 14331
1957 11790
15476 9620
3111 6296
9618 15846
12971 9449
3235 1387
11871 12799
14365 15732
8410 2257
12752 7520
2120 5313
13955 5574
8533 506
2714 12781
7054 2013
1017 1321
8650 6885
4285 3355
12037 7802
12848 13594
6846 354
5538 6972
13517 12924
8714 9989
14477 1181
9814 11156
12391 15006
11481 4957
9067 13540
8492 13385
7146 14798
639 9819
14100 1902
156 5818
7957 7851
10795 15741
15605 6995
10123 3631
9832 10524
5337 7736
332 14605
13976 6955
14093 14758
3932 7290
4180 9075
14671 7539
9584 14945
7226 13549
12062 13184
9936 6424
1443 1789
3678 15990
8936 9275
11920 2571
8954 7192
4416 340
8239 8069
4724 965
12979 13279
785 15261
13943 11711
5515 7027
10357 14488
6469 1794
11592 3376
57 13210
485 11738
15473 5808
2908 2460
10441 11164
15431 14542
1416 14701
4082 15354
4467 11972
6469 1488
3039 8092
10520 8421
15011 2498
11473 12558
10149 9683
15281 4619
10996 12175
538 9182
13907 12143
13331 2071
11374 9110
4045 14631
9553 6783
10723 14184
7125 2842
4282 8325
8557 9568
1110 10505
4416 14065
11713 3844
11637 11635
6272 4778
14947 15655
12770 7542
13884 8568
4344 521
8822 13225
7122 7826
2319 216
14720 6236
15952 7506
13190 9980
3195 10216
9455 11003
4842 11290
7911 7876
12362 4314
7255 15234
77 14106
14223 9905
14186 13357
11868 9030
11259 1161
411 881
10451 12804
11828 8099
2404 6343
11356 15689
9398 8190
5782 161
2290 8430
2264 3987
12918 14063
2734 7316
13792 3071
6731 6492
6572 14547
10905 5157
9218 5547
7034 12405
5613 5405
7684 9685
11032 9997
973 4907
14593 65
15296 13810
1465 1003
2413 2413
9918 9970
12358 2923
3599 6672
15389 474
9381 5142
5629 3267
11379 7026
10476 11657
12924 13219
8465 1589
10874 11020
4471 3031
3817 3924
12758 9082
15296 4311
12856 5197
9213 10302
14460 1669
9496 13935
10756 10215
4802 10049
287 15075
410 5087
14246 1242
9063 8909
6968 11578
15271 10207
9427 749
5778 9969
641 8669
8156 7851
3293 14480
3486 7171
953 5343
8747 1593
14353 6717
10951 14972
12202 13042
843 13509
5280 8499
11073 11928
7400 5637
4598 1967
12695 3114
14832 14704
6552 6077
8276 2398
2601 15143
5539 13498
1504 7499
12289 9805
10250 9702
741 10351
6697 9493
4219 6991
1421 14002
14261 10103
922 8028
10912 5108
896 11401
12844 11200
3071 1027
1952 14217
15242 2857
5556 8969
13044 9248
3153 12180
1621 3899
5007 248
11556 5804
3917 13754
14095 15479
8621 13313
8222 3330
4842 4819
3779 15597
8121 5210
2687 10136
6187 7677
2091 10028
9451 11575
14385 4737
2040 3931
7496 8447
13182 9875
6066 9962
14319 1327
631 5679
3450 13282
15841 899
2265 11337
6639 9947
1307 6391
4347 11628
15929 9229
303 7770
11424 3722
12754 777
7000 2546
15971 15391
11599 13247
9092 1686
3622 9829
7620 1781
5079 7768
15620 1173
7992 4023
14224 1554
6039 13692
8896 10701
3817 7091
36 14675
7199 1182
12162 923
534 625
6926 12024
14462 1219
5784 5742
11029 12520
9317 13326
14993 12837
9008 16
7334 12892
14000 4649
10098 6158
11590 274
11403 8141
6832 13435
14003 12078
12173 10516
14567 8021
5435 10433
9508 3832
13201 14111
15563 2614
14356 4368
111 8400
8301 5979
6013 8823
15519 7956
9862 12816
14085 1694
5176 4889
5739 4271
8817 13180
9361 2224
12493 7347
672 2525
474 962
15639 11628
15417 12849
9569 255
5612 111
2776 5575
401 10322
8666 13681
9127 4891
10999 11933
7772 15496
9143 6460
10337 1389
6519 9252
1109 6468
15896 9171
10298 4485
11938 2223
14770 12967
10841 4058
5703 9212
5100 2582
7323 10827
8047 7719
3398 9752
10753 7205
5308 406
9718 673
1650 14894
2050 11148
7744 4331
15760 11662
8149 14748
5276 10572
11982 6992
5088 14901
251 11321
15837 15797
5099 11692
15363 7923
3578 13000
5842 6441
13352 12117
6481 369
4092 3153
9418 2876
3434 12148
2577 11793
709 13168
3356 818
13103 11610
13842 5025
5435 9613
11011 8379
14960 15871
12068 2157
13093 1965
11314 6945
6091 8288
2916 8083
5799 1888
8286 74
11447 11817
11366 14245
9913 10211
6239 11570
11690 7667
13322 8836
2818 10711
2587 13915
14529 7281
3016 10131
1763 4841
7262 5990
10593 14534
11092 9081
8951 11716
3226 12171
804 13866
12222 14320
76 2890
15489 15128
9645 7361
2642 11483
9515 5083
15236 4679
11234 12927
4374 14655
3809 8987
9454 15319
8929 12977
9329 6125
10622 12583
9117 5381
13402 3963
13222 13970
11236 743
13574 13029
1840 4305
497 8335
12356 15856
5930 7190
15389 3337
9034 7051
15394 6496
15862 9123
4769 15438
3876 3631
4653 10665
1814 8789
6453 5322
11081 4678
10380 5925
15197 6713
10220 6084
14498 1203
13781 11333
6418 13981
3179 2501
14668 586
7279 6266
6426 14802
4499 7131
8054 2472
6392 6612
11271 14327
1812 14104
6812 10154
2011 2384
4764 5654
13552 10851
14667 11856
14211 718
5327 6850
15694 3775
12440 1970
11212 6605
6393 5300
3944 4363
10651 8488
5091 3590
7923 3674
14843 14609
2958 11628
7764 8926
1714 13473
15691 6163
1075 15432
6510 3010
10351 6227
4040 605
1374 5042
4029 12549
5524 5
7529 1823
9418 9056
7100 333
11878 208
14489 4056
657 12412
5254 4792
15926 4502
973 5713
1525 14602
5912 12865
6779 15925
3502 5276
3116 11759
10638 4254
15211 8546
10925 15908
12441 7212
6768 13068
12542 4375
3313 3126
587 7269
14762 9546
12521 12122
9688 5551
3227 14055
4590 15342
2352 2781
15261 7822
8447 10619
14655 9438
2268 13051
10503 14494
11353 519
7038 14487
14379 5584
11515 3516
6948 14298
14849 3531
3530 6382
1446 15779
9820 9687
7311 13675
15244 4622
7893 6134
9293 8190
6639 10898
7787 7775
14226 9859
5016 9353
9757 15745
32 6577
14324 8598
7439 5773
10083 9029
9150 4470
8723 464
4395 6417
14355 2412
6465 7270
15651 164
2386 5742
13658 11388
250 633
2221 2287
3546 7492
4106 10772
2553 819
7605 11460
3329 12979
3959 5798
12749 14596
8920 14675
11072 5454
3102 1173
10825 4532
6387 3461
2476 5407
8481 5206
9427 922
11080 3016
5281 8939
7487 8518
3591 12686
7708 6871
15832 13078
5333 12368
15362 6986
7608 4566
4589 4332
6026 3605
975 12408
3826 14516
12749 10988
4748 1702
6745 14473
8912 2063
2790 6985
7228 4346
11167 9830
15965 12366
14741 5082
9310 15050
2393 8188
11648 3573
14742 6345
12965 8721
715 2475
7453 14290
1574 8030
6533 8386
6154 4349
13360 323
7182 976
103 1941
11612 9900
10231 10954
10127 5179
12642 15726
2354 9718
4072 6132
14790 2047
12461 15401
7741 12075
4131 8427
10418 13889
11160 3397
407 1860
10122 10713
4021 15696
592 10865
12484 6191
8353 1532
2065 5217
14881 10168
15110 15636
15211 12193
7173 13069
13610 14755
5514 3525
14774 1813
4950 8602
3793 3299
6629 774
4659 10263
12060 15205
10013 9493
4895 4555
13017 15676
15003 2345
1382 9513
10908 15258
2349 8971
10840 12717
11761 8119
10585 13635
370 4253
8708 537
8193 9367
10904 10605
7544 13728
126 1027
2024 6513
6378 5452
14824 14284
14597 9185
14401 15513
4653 4507
2249 2501
6179 8879
6903 13777
10067 8873
7929 13516
3437 14924
1665 10808
6173 9979
913 1158
11476 3343
11246 5679
2284 10999
5678 15192
13796 5817
11036 5893
12160 7904
15915 11582
9918 13464
15425 14369
8640 13975
1521 11710
2482 14962
8090 148
11772 10977
3327 514
14199 6267
5382 5565
318 8976
5023 6938
13709 4844
14425 2776
6819 2312
11715 10509
10493 384
4783 5715
4266 1573
5497 9573
356 10478
14191 11677
464 2129
1098 11353
2879 786
15994 1407
3632 15635
544 10545
63 6523
6050 15486
14240 10837
1228 9505
2312 13783
4831 4175
11910 1196
8157 8475
10492 7411
818 15857
940 2852
5908 11256
6691 5351
9968 11690
15182 6064
13885 4865
1088 12469
2082 10231
5757 11005
3160 6174
5270 1060
6331 853
12297 5932
2100 5106
3487 7023
362 225
6566 3571
9559 6911
6734 11171
3728 8682
7071 1327
12506 2768
14684 12557
11368 10139
9508 12596
754 3933
13740 11288
5086 9040
12625 2372
11061 5801
10319 813
1334 4574
7898 6957
5618 10992
14171 10000
2395 2051
15684 13244
14819 7017
13588 6841
11955 10240
8224 15405
10657 15109
12528 13542
8737 11537
14325 3210
8930 10891
5272 5482
10551 6652
15870 1823
14032 6688
15122 10172
6342 11155
1369 575
1733 1938
7932 2045
13754 11149
3769 7748
7099 9785
3654 5093
2875 855
10828 3937
526 2918
4803 7834
8233 9408
13364 7727
9613 5699
13498 9618
129 5646
7120 2290
15768 13293
2801 13127
6869 14211
8284 11899
5244 11846
13161 5509
11116 13327
7587 15161
11869 9278
7543 10470
9741 10326
5480 13639
10363 4241
5468 3682
12205 430
15777 7916
3851 13056
5402 6386
7364 13809
7716 608
948 7583
14381 9553
13363 14792
13309 3609
3066 3510
4207 10043
15217 12748
12292 15091
14427 2379
10078 9739
5673 10967
14769 5357
15897 15690
3214 1965
6791 9128
2525 9535
8395 7408
2247 8384
7967 1416
7495 2716
8455 12698
13210 1960
2522 7326
13930 10577
2530 7675
9389 12426
15779 4109
42 8234
3594 11385
6513 8657
7949 5117
10501 2317
12885 8022
240 8965
3027 9516
6202 1749
7154 9731
15546 9544
11126 6498
10595 3694
888 11176
9656 8795
11347 4410
13984 14093
25 2504
10853 15940
2101 10228
3298 8035
6081 13285
5789 9607
5366 7217
10486 5436
11544 3081
10393 2351
12836 15002
11340 12553
5084 14942
7600 6739
8313 9313
15945 9137
3066 645
4666 15121
768 2238
6125 8790
9817 14085
5865 6138
2044 3928
6206 2784
10795 13381
8719 14324
225 7194
8431 1191
12719 10155
452 15653
10206 13726
7084 1923
5523 2801
1338 1228
13970 9185
13171 8881
4736 7507
14494 7804
2188 6389
4373 7649
4773 7627
11701 1585
8856 1101
990 7972
7478 8070
8115 11404
5007 9139
7899 8876
7440 9616
8907 9942
7727 2392
9649 11492
14819 3928
2693 4665
6183 4464
2880 4532
9092 15553
4361 1753
15749 11428
9549 3551
7155 8354
13632 395
12507 5667
4615 13341
8159 2853
212 5452
3673 9274
12391 10680
10726 6846
1134 8096
4501 759
11169 11947
767 6810
6057 14560
3258 14259
14495 14897
418 11232
8840 4746
8378 2742
15225 6786
9969 8528
7685 57
15111 3922
1641 4617
5520 652
342 14592
12812 11052
5348 12135
12499 10035
12102 13411
4457 11307
12667 6933
15899 14363
6948 4034
5564 3486
615 6113
12414 10551
4061 13001
11769 4894
3175 7876
10210 15905
923 6651
10446 7766
5803 11840
13779 4102
12903 5675
3395 7238
8106 15146
1222 12766
1950 2775
9814 11926
14211 1466
7503 1148
10052 8891
1549 6827
7908 15152
12999 2452
9322 14355
5439 1531
12204 13913
9158 11218
7336 8143
12408 1261
2289 2027
7821 234
13402 15007
182 4040
5908 12701
13804 3167
12174 9917
13699 6774
9202 15576
10245 9259
7348 15878
4774 10072
15975 2725
1996 8270
12897 14298
4079 780
405 9948
4672 5320
14093 9793
8865 13213
10325 11907
2739 4222
14806 3064
6377 7497
9539 1398
5902 6128
537 8044
1851 13886
4070 9705
9658 3598
5071 933
12154 6707
3452 7989
3611 12142
7396 11507
1861 11886
11052 1214
10484 3966
12565 12678
8435 14639
2714 10048
2041 6740
15602 1535
3852 7343
6782 8796
6332 10567
1427 15555
14606 11103
1841 13664
12588 14903
1733 586
6024 8392
12379 2552
913 15267
1019 5249
1814 11763
3398 10930
7594 11543
11394 8301
774 5921
5593 15058
8514 5641
13183 15021
198 13552
423 5406
6478 270
4265 4932
5122 869
9302 5412
10779 10518
9366 508
7148 6824
1032 8881
7695 773
11611 10715
105 11330
5702 1826
4570 4947
9076 2847
12391 4379
7866 7766
15628 7628
12209 1534
6549 7322
11423 5707
13517 4697
14169 14570
11047 7086
3380 13180
7438 4961
6248 4007
6823 2601
15873 14818
12084 14458
11921 6034
1647 1032
9805 6572
13203 10131
14097 8049
10650 3199
11721 9962
5152 4267
14977 736
3880 14237
3587 8666
14398 15651
13818 517
8970 3869
3681 1867
6469 447
13584 15992
11986 2997
13616 4759
7424 13164
5253 1549
6494 540
317 7937
14971 3045
9932 13588
11798 5822
15585 5389
13763 7219
1391 11334
1478 3361
11068 2887
11244 6402
7432 11937
10640 3059
6137 8657
9763 3248
11364 5786
13540 1291
63 13825
5694 116
12900 164
8036 2839
7876 15682
2795 15279
4081 9983
4338 3735
6036 7636
3158 127
9353 4052
3761 3390
7814 8253
13033 14141
6547 745
9445 14392
10845 1104
2713 15892
2137 10813
13258 13541
5495 1778
12917 14705
15744 819
3002 840
13743 14150
10964 11881
8278 227
14160 1862
11592 15955
12476 6966
8146 13601
8334 10717
5313 6176
1112 15033
9037 7435
980 4666
13078 12604
13689 15577
12397 1030
7421 8237
585 1646
2905 10648
3440 11633
14695 1941
13378 1672
13844 3423
2815 9395
13971 723
2958 6778
9556 9490
9199 6080
8369 1972
933 15784
3795 15608
8333 13830
7840 13779
5672 8370
6727 15662
4346 3984
11764 4193
2430 8680
15221 12256
8411 1318
13224 8362
552 11977
1882 12353
11430 4726
