-68 -50
-887 -35
-485 -42
593 27
124 -24
268 -59
76 10
694 -50
468 -97
-973 -13
-878 69
-863 -73
307 -41
-194 2
166 37
739 -37
-548 -80
616 34
-368 41
600 -77
269 -2
593 -88
186 -25
922 32
133 28
862 84
-850 11
-45 100
-145 38
-210 -5
-642 43
104 -46
823 19
-182 -35
344 42
301 6
-321 24
-666 -57
-57 88
-975 73
494 25
796 56
378 -12
393 16
290 -88
-2 71
602 -87
467 -43
222 6
-746 -29
-364 47
-116 7
-484 68
-974 -31
-353 -59
-29 -53
726 -25
633 5
843 22
-798 -58
283 17
339 27
-302 -14
357 -22
-336 90
59 53
-184 75
15 -2
19 -40
126 75
-157 -72
24 -22
210 -43
1 95
690 86
-56 22
-413 -26
326 64
-700 -88
-554 78
394 93
-301 -11
428 -47
-249 98
-967 -31
-139 -70
-563 7
-395 -7
994 20
53 -76
-633 -50
567 88
456 -15
-454 6
-137 98
-294 -60
-256 94
685 95
-770 51
362 -74
-18 48
256 43
896 16
826 -14
-301 86
-880 53
483 -74
-511 45
639 -79
-917 76
-646 -48
-903 -71
719 36
180 -37
394 73
340 -66
49 55
585 -99
-495 -24
760 -77
-333 45
730 83
726 -77
606 -26
106 -53
679 6
-273 79
83 -54
579 58
613 42
-337 2
422 -70
-546 -97
-837 63
502 13
823 -98
304 -54
978 49
-569 -47
-490 84
-534 -62
797 -74
-799 93
-852 51
-713 -44
370 -39
-751 -83
-293 16
244 -72
-459 -4
-424 30
560 82
-793 57
-43 54
-457 -29
269 48
326 -4
444 20
395 -77
-652 57
888 -24
252 93
-33 58
468 35
-340 21
-974 29
-134 -48
380 -15
-833 -52
116 81
397 -62
285 -8
689 78
-952 -42
-868 58
407 -59
-159 46
-917 -73
-593 29
-508 -77
-859 76
-413 98
817 -81
-297 -28
911 -35
992 43
136 -15
-66 -49
588 65
728 -49
-698 55
-428 -10
95 52
-54 95
484 -16
-700 -97
-745 12
434 82
525 52
-507 -1
-527 -78
-962 45
846 -5
-461 -64
-733 -3
-558 61
-61 92
-685 71
621 94
673 -53
630 -37
-1 -84
194 40
-746 100
-599 32
353 -100
-560 -95
-86 69
19 79
-86 -46
510 44
664 -65
439 -74
322 61
-257 -43
-280 -12
584 -97
-68 100
-196 -32
969 14
-372 73
482 76
-87 -27
912 43
-462 -37
272 9
-186 59
88 -56
600 35
347 26
-279 -35
534 -55
-604 6
-583 86
10 -9
576 -8
-44 -85
-281 42
-735 -32
776 41
695 -89
681 -36
-949 -27
-56 45
258 -41
-285 -13
867 -29
-223 -38
418 -88
711 30
-977 -31
695 -92
-643 29
-248 -39
-815 84
-696 -39
708 82
-50 -90
-933 99
-108 -20
331 -11
-974 50
891 78
-883 44
476 36
550 9
-762 -38
979 57
195 -10
315 -32
-744 2
332 45
-971 -53
337 -60
413 49
624 98
909 -90
-5 -54
704 77
439 -1
385 100
599 34
813 -48
-743 -68
1000 -38
741 -98
-242 18
950 -60
559 -89
-585 36
139 40
948 -91
-24 31
-417 76
729 0
-797 -67
430 89
711 14
801 -5
781 80
4 39
-39 57
-494 -68
434 36
-69 -35
-832 -15
-997 -52
-276 -81
12 -1
349 -7
721 -89
-210 -39
164 76
-159 -77
454 -99
622 20
-638 -50
497 -1
-102 -79
-78 18
159 -90
771 -89
703 -58
-343 -31
114 -92
795 87
72 -43
984 52
-587 -100
-989 56
-140 -98
918 76
-39 -95
-947 97
-155 92
-927 -65
-868 84
442 -40
827 89
935 6
956 17
633 -85
661 1
458 -77
864 96
-883 -52
931 46
-663 -71
-836 54
-961 -79
-914 13
-874 72
-313 -46
106 -33
102 -15
907 -32
-604 -79
-901 93
157 -72
385 -28
508 -39
-671 -98
293 43
950 -91
-588 96
-779 63
-761 -20
-740 78
18 -84
94 -77
445 40
-347 24
-313 43
632 1
861 91
194 -85
771 100
-899 -73
-664 1
-54 -95
20 8
-812 -34
709 85
297 -36
-322 -2
-634 78
-872 12
-163 -73
753 -24
-612 14
-4 8
-509 59
588 58
191 93
-207 40
-933 45
-230 -62
-249 26
641 66
562 7
282 -63
661 23
-721 -68
811 40
-101 -86
552 93
-840 11
-428 -43
768 100
-418 -76
379 32
-762 -27
-953 71
-749 -62
-682 -98
-981 75
68 45
435 10
85 47
-861 88
-374 -36
-85 -74
-52 -17
-209 40
346 -81
20 52
280 89
15 -45
123 47
-116 -98
-502 22
537 -76
-917 44
-360 37
-543 -53
-780 45
763 -78
-281 89
393 70
461 69
-70 17
635 4
-505 6
648 76
223 1
-676 94
-256 -94
-859 2
-810 -47
-877 64
-13 57
546 -99
-847 -47
861 -100
266 27
837 -91
-700 98
713 -11
-270 55
670 -51
51 -80
-506 33
-615 -73
409 38
-79 20
-662 92
-727 -30
-410 -37
-175 51
-675 38
-352 93
-550 90
-105 -49
-149 -41
-991 -47
-621 23
-382 -83
-759 -14
-864 36
777 8
-191 -68
823 -27
-482 -50
-492 -91
321 93
-316 54
-358 73
688 -17
-210 79
442 -86
969 21
219 12
392 57
-102 36
807 23
-355 59
668 82
670 27
-409 30
-555 -11
-493 -34
771 -76
-529 21
-99 -97
442 -95
334 66
704 -18
359 84
-447 -95
211 -81
-817 -12
810 -14
-334 64
450 12
-409 57
358 29
-191 -28
-257 -79
137 -84
502 -37
426 -14
860 -7
602 -33
-846 78
75 -87
-800 -87
912 -87
678 78
157 86
-271 73
-294 -15
337 28
788 -40
224 -63
869 33
-821 -90
722 -68
69 -51
-757 76
-748 -77
493 -73
806 -60
653 30
-247 69
819 -27
-627 42
606 82
271 -86
-197 90
-913 80
-638 11
795 56
955 91
-759 -88
108 48
-637 60
-892 76
-90 85
-534 98
601 -96
-855 -89
898 47
-956 -42
961 21
-764 40
-857 68
808 30
34 55
-329 38
861 -41
912 -11
781 -15
856 -99
339 -54
-561 57
986 81
356 -58
-57 -12
-278 -54
28 -88
-596 75
509 15
-250 99
-17 44
955 -7
-954 -60
339 -12
394 -24
-174 14
-27 23
-857 80
-756 85
410 -47
-443 -26
403 -35
336 38
-579 -78
-822 44
-432 -97
-451 -47
-547 -74
48 -98
108 58
98 7
-747 -91
69 -84
743 6
81 80
-548 76
980 -11
-561 51
-591 -79
570 34
692 -48
723 83
359 59
441 51
975 -51
-104 -31
838 -13
866 57
830 89
-540 -70
-549 10
697 44
-510 65
385 16
755 64
-882 45
585 0
477 52
126 -31
209 -79
456 -71
-915 16
-254 -32
170 -11
264 90
-565 -38
175 -95
225 -47
-13 -38
-278 -50
423 -19
432 -27
-873 -9
-292 66
276 -14
-744 11
1 -62
-569 41
733 -58
-679 16
-921 -23
232 -72
-701 -39
-693 53
469 -71
-37 70
1 -66
556 49
582 91
-185 -82
826 8
357 6
-110 -5
710 -79
-750 -50
-526 41
-560 15
630 3
628 -56
-358 -61
146 18
185 72
368 -33
-892 -94
-584 77
-520 -89
-248 -6
-53 -31
-731 60
991 12
-952 -93
823 -15
-954 92
301 20
-863 17
847 74
96 -58
831 47
-344 -15
690 58
-879 86
-965 3
352 11
541 51
422 53
189 20
-628 -90
24 9
434 -86
1000 -63
-263 38
760 57
-822 21
-418 -46
788 -45
-893 8
613 26
315 68
391 100
80 -61
827 -2
194 -39
-36 -81
-467 97
-466 -65
69 70
-909 36
872 -4
-837 73
813 -38
918 -67
-482 92
-933 -84
686 -44
871 -55
216 -42
868 -61
-172 -70
-133 50
397 -45
460 96
686 11
-858 92
-457 31
-223 -83
301 -16
-217 -56
944 41
-140 32
-4 90
-724 -8
-645 -78
-524 64
-72 -60
815 -20
238 -49
930 -40
-254 -60
-343 -17
66 -15
84 -18
664 96
-470 -59
737 -31
-108 34
-381 -5
-935 -71
-113 -95
991 11
420 37
-550 86
-355 -87
56 -23
839 67
952 -90
699 -73
178 35
243 40
-330 97
792 79
819 -21
210 19
-171 -38
75 54
-942 77
-674 27
-732 -72
-991 -1
-491 98
-502 90
-203 -43
-741 -38
-957 -37
331 30
745 -6
-251 -2
-639 -63
-214 46
-707 13
-995 -9
493 -85
-801 38
238 5
104 -54
-821 -96
140 -77
-503 -51
-762 15
700 -13
568 -86
-21 -41
-160 49
-633 11
13 -7
-400 -29
-587 -41
269 11
-919 22
325 69
638 -23
-394 -56
263 9
200 -56
-792 -13
-709 62
193 14
965 -72
857 -80
238 4
155 -22
-240 -25
-959 -68
-610 9
-203 55
-388 -49
919 -17
940 3
322 0
850 -23
-741 89
-20 42
-605 -94
-958 -2
-424 73
-997 -85
-187 -90
-238 85
-785 12
-64 -18
560 30
375 -1
-745 77
-649 -81
-792 -82
-732 32
-412 -61
-444 -66
-319 -89
317 12
464 23
333 56
-845 40
-938 12
-624 -93
107 97
884 53
-189 99
-208 -39
-633 78
-106 -49
-371 10
-361 -33
572 -27
634 73
26 -23
-158 -34
-928 10
-459 -62
-374 -54
7 -37
634 13
-947 69
953 -71
-799 73
659 -72
816 43
399 84
-881 -81
964 -61
-195 79
796 -53
790 -47
893 -31
885 21
618 -95
-758 -63
369 -18
254 -50
-330 44
-347 -77
138 -64
398 -2
378 -47
-775 59
-222 -72
530 8
-454 -80
-187 75
-48 50
-674 61
-402 -34
-518 -19
146 -88
371 13
427 7
-917 -56
-357 -54
267 7
154 -79
-2 -27
-488 57
989 92
722 77
-784 -18
120 -74
-190 13
739 20
-760 -66
-244 -23
730 6
-72 66
14 81
-391 46
-942 -38
-462 0
710 42
765 -57
-315 -3
194 53
935 -70
-615 41
913 40
-236 -61
-699 -40
-300 -99
-896 -24
-289 81
-840 -2
831 -34
248 -33
351 -12
234 -44
304 -56
417 30
807 -89
-220 60
453 87
741 -20
575 -60
858 20
2 -100
-230 2
589 -70
40 89
-30 -67
434 12
-955 9
-649 10
-673 -71
-206 32
-360 24
515 27
767 -66
656 -67
-920 37
-147 53
159 45
30 69
-311 -68
508 -27
530 53
-347 -7
-47 41
-132 73
-24 -28
-116 41
36 -90
374 -80
-302 59
-643 -6
-450 -7
133 24
638 -94
-726 78
-456 90
731 83
-481 -24
-338 -19
-760 73
672 -98
-376 71
-456 9
626 10
-17 28
313 29
610 -11
880 -15
-20 -92
686 59
-272 -99
-855 77
458 20
-362 -62
-457 28
415 67
-192 29
711 6
375 52
428 -61
524 -9
266 -78
369 86
-361 24
-743 -71
-704 -5
-963 43
342 66
744 82
616 -52
-712 -76
587 -44
811 12
23 76
-204 -66
613 -75
397 -61
-81 -17
920 45
-283 -67
-635 -1
-94 -6
812 -2
-952 -50
-113 -9
784 46
-951 50
-192 -17
928 -38
-887 -61
-332 -55
-881 -32
-338 -81
422 -60
-960 20
144 -17
734 -31
555 -93
395 -81
355 57
-494 -10
296 -27
-226 -35
-347 -64
-330 -59
507 -25
22 10
-670 27
-980 92
761 -96
796 -51
118 23
-461 -1
-210 15
561 -83
448 -44
-26 72
-2 -53
-18 -73
-679 -60
418 -22
351 -85
-601 8
708 -82
836 14
-308 88
-714 -10
558 93
887 -8
-713 -57
-585 49
152 75
440 35
571 -62
286 -74
-101 -77
234 -11
-225 -64
656 -88
294 58
45 -69
-495 -17
-916 -83
79 -21
-397 -50
-331 -36
-549 40
488 -80
-27 -4
-503 65
-777 -7
468 -22
-524 -9
469 -68
694 63
-482 38
140 -62
-220 53
545 5
743 66
-446 -34
278 -12
105 87
-825 -3
1 90
12 -58
799 -94
293 -76
515 25
641 97
202 38
-225 -58
387 -49
595 -23
-462 14
-828 -11
-599 -41
552 65
-287 94
85 -14
-762 53
485 85
88 -82
157 -100
383 60
-615 -91
-175 88
-86 -54
775 -9
-727 -41
-988 -34
838 89
-447 83
416 68
-641 -40
-439 23
87 -7
-407 -58
-538 97
151 -59
860 97
226 -32
145 47
-575 -13
575 79
27 -81
-637 -71
823 26
-477 45
178 6
-708 -84
-897 -49
353 0
-718 66
368 -29
-241 76
-955 4
55 -12
401 -21
923 40
50 -57
322 50
722 -56
-992 -77
-690 -35
566 -23
-381 89
567 68
-845 49
235 70
552 85
-607 -17
-425 99
707 29
-416 -18
110 98
115 -45
48 54
589 -36
-96 -69
-427 85
-935 -91
597 94
-287 -86
773 -89
450 -60
378 45
548 -70
-698 37
489 31
-424 -61
-708 79
229 5
-425 -10
873 71
-848 -82
-594 74
-580 77
629 78
-234 -51
-935 100
-212 -83
-818 25
190 -80
353 -26
639 -97
482 76
569 54
-918 -72
563 48
-8 -88
-659 -66
-319 17
-429 74
316 54
-449 -10
564 67
-949 34
750 19
-528 -83
-276 -30
-411 97
668 -68
-933 42
-524 12
-205 -38
927 -4
-550 14
307 -3
562 -36
-583 -53
859 4
864 84
-383 -93
-626 98
-270 -92
-546 -38
971 -36
-487 44
-803 29
-879 2
-416 -31
149 -78
-532 59
-411 21
-390 95
306 28
-713 81
629 85
1000 15
718 -1
20 -65
901 94
628 82
916 -96
-184 -68
-998 10
-401 -76
-547 -36
989 -95
-640 90
497 -37
-724 41
-292 -31
924 19
-164 52
-711 -31
-1 -14
302 -63
644 -24
-630 -59
-697 -19
420 42
-752 -2
-200 -84
436 42
-600 67
196 3
833 -79
-997 -100
-897 -61
-726 3
-731 26
-369 -66
187 15
445 37
-677 65
177 92
242 -62
-773 -16
836 89
-24 -42
909 92
59 -23
791 27
-62 48
-423 62
597 -31
-737 47
-834 66
272 -13
-86 -57
50 34
25 -37
-752 91
644 -80
-529 -60
910 -97
-242 53
-60 -45
685 23
-566 -16
-947 -91
197 -25
276 -35
-226 -46
-179 98
801 -78
583 -48
393 -54
-609 27
11 -89
813 66
-106 -51
494 -14
981 18
-231 -99
528 -74
44 -22
-124 -41
63 -27
-580 -100
627 26
227 -64
-376 -56
-136 -35
-849 21
-46 100
-978 -64
-694 59
-872 41
134 -83
-383 -80
-125 -22
594 -96
92 -14
-600 90
706 18
-729 -32
-664 -82
-749 -46
-555 27
-445 80
-891 -78
-463 -37
-674 82
-948 -6
377 22
126 20
-100 -14
-716 26
651 33
-668 68
-772 -42
-474 1
-184 -87
358 -43
165 7
-531 -56
646 -90
-601 64
-845 -85
997 -83
-976 52
658 82
834 -29
653 35
-194 -85
752 78
-360 18
28 -10
-741 68
-124 38
-984 -23
47 -2
-450 44
-626 66
-807 23
-482 89
-473 -27
785 -39
-435 59
-893 -11
-262 -89
-334 58
-303 25
-543 -52
-674 -35
640 16
106 42
-930 -3
-158 5
-648 -32
984 -12
215 -38
-933 100
166 23
-270 87
839 -86
261 -36
-167 -9
54 -67
980 -84
-1 39
-730 73
382 -1
-975 34
350 -99
-48 -52
792 21
-255 -86
-328 -84
849 -88
639 81
951 -89
845 -29
-480 -15
-748 51
164 -85
-268 -36
906 -90
121 -55
640 32
613 63
725 82
426 65
433 -10
-886 100
939 -75
-902 12
-520 -1
442 -96
-104 69
-905 30
-65 -38
-620 -21
646 -82
890 37
-199 24
503 -59
479 83
28 -87
-773 -84
-864 16
-107 -19
459 87
19 -26
-435 56
656 41
497 -91
935 44
638 -94
73 -57
-869 11
-989 -73
363 -82
-865 -59
-558 -39
797 -52
-260 -21
258 35
-302 54
591 -4
-660 65
-69 -44
146 82
821 -82
622 -12
838 -53
351 63
766 -22
-857 79
286 53
-370 -17
512 -94
-801 -32
604 -90
477 -30
-128 -82
241 66
478 -9
-364 -70
-395 -60
-79 45
-232 -69
80 71
-204 82
-999 46
88 62
-861 14
-207 56
-202 71
-752 60
-802 78
785 -17
837 -27
-624 37
716 -94
567 30
-235 -58
-172 -89
826 -38
-385 -83
489 26
-520 -100
-400 54
733 -64
356 71
-727 -54
-775 19
-367 -12
-585 -17
-353 75
60 11
372 22
-969 -6
-787 -22
-406 84
-175 58
739 -63
655 91
667 -46
977 61
122 -38
519 99
526 -24
567 64
-948 -90
390 -61
100 24
-27 67
310 -20
226 -33
219 49
507 -52
923 13
-939 88
815 11
732 -77
-327 -6
-952 -31
547 43
391 20
461 -53
-996 -31
-50 8
-137 72
-437 21
559 -25
-969 -61
237 61
-262 -20
236 34
-184 86
491 17
-848 68
-407 -5
272 -86
780 53
133 4
272 -64
202 -92
555 96
468 11
267 28
-370 48
-104 57
766 -52
380 -61
531 48
185 -67
409 22
524 99
278 55
-188 -25
-696 20
868 -2
172 85
551 10
536 1
19 -20
-749 -46
-86 -25
-715 41
-553 -52
-100 -53
-358 -100
-497 76
-951 18
163 -56
915 -44
-94 -81
462 77
292 53
983 32
673 78
822 -68
-700 -91
-982 11
-933 -11
-259 -24
117 -17
-517 -20
-339 2
-450 86
281 -92
789 -63
-209 -14
218 -84
767 -8
-198 -49
896 -96
398 50
-630 -39
417 -80
-873 -40
424 -43
-689 -76
-618 54
180 -44
126 52
421 -9
494 46
308 5
481 26
580 -99
-7 -87
-421 79
537 -82
316 60
21 -97
929 60
-261 -36
-868 -82
530 25
6 85
571 -19
456 -33
-516 94
-561 8
-315 -17
114 10
-462 -61
-800 -29
-866 31
-3 -38
-271 -60
-343 21
113 8
522 -57
332 17
645 -31
563 -82
945 -11
-57 -16
-930 47
730 95
-899 62
-34 -75
-866 -7
869 -27
-367 43
746 -31
-218 49
-906 -14
-437 94
-78 -19
-542 -73
482 51
-777 -22
834 -92
855 -66
662 -50
260 71
-181 71
-518 1
753 -78
649 -38
427 -45
204 -59
882 -2
-924 0
-37 -72
447 -77
610 -63
-397 7
510 41
603 39
-229 69
395 -60
554 -8
597 -86
950 -72
-384 -94
841 79
796 -5
-445 29
304 -68
-8 74
588 67
144 -77
-758 36
794 43
849 5
259 90
-322 -96
-412 -99
845 -39
-148 -50
-301 -34
864 72
659 -44
-826 -89
131 75
-867 -25
-710 90
-902 -6
422 -65
884 2
824 -32
250 74
-297 0
934 -38
466 26
-543 86
156 -39
650 -11
-480 -8
557 66
-777 -96
-375 34
704 95
-852 -84
868 -34
460 82
127 87
67 83
767 98
488 57
-699 25
-793 -88
-573 -59
424 47
-416 70
716 26
-878 -82
892 81
396 62
-543 37
-328 7
-508 -6
353 -27
-408 -67
263 54
123 8
294 77
-62 -60
-85 -70
-243 -77
-15 29
-451 -57
271 -69
299 48
-929 91
-499 53
215 71
-213 -19
238 -12
-856 -31
865 -35
480 53
-109 -20
752 44
-117 -13
-233 9
-831 -23
-668 92
-946 19
-189 86
-239 -11
-700 -72
-445 82
-137 57
555 -11
-158 -31
63 -82
-989 -23
-928 -67
556 -49
-791 -63
-485 -83
-559 -39
687 -99
207 -8
165 77
940 -52
-540 -85
-112 -1
347 62
621 -1
-831 72
-580 90
-514 1
-274 17
198 22
653 31
50 -63
610 54
509 -14
-405 -48
112 42
730 63
-945 -10
282 -20
822 -56
580 38
-739 36
-830 -7
778 28
133 62
-132 45
114 -78
809 -16
561 72
-536 -34
-71 -50
-762 -37
302 -82
-445 -3
631 29
-697 -83
-893 16
514 85
-702 -88
613 -46
422 47
-871 94
-114 -31
-176 64
193 -89
961 -94
815 -66
-315 84
342 -34
-916 62
-135 92
901 36
-55 67
-892 -87
453 -62
921 -9
987 12
-488 36
-564 11
-427 71
-794 -60
80 -58
-528 82
-227 30
443 -64
-748 -48
734 -26
253 11
-832 -78
508 -85
-120 90
-913 67
675 -31
978 82
-384 -12
-107 -46
-596 7
-104 -47
104 70
-751 -63
372 37
-641 -78
655 -65
-306 -41
-275 -24
-262 72
918 -81
-715 -26
-535 -43
-329 -60
847 -80
-33 -32
-663 23
-839 -46
394 -17
-990 38
594 -93
547 -22
-411 56
948 -41
738 -11
-990 64
671 79
-439 -86
-304 -96
197 -6
945 -23
-636 65
-129 16
238 21
951 -28
-419 -60
-565 -57
-49 55
46 30
38 52
-965 36
898 3
918 18
-630 73
-843 82
-163 7
-138 -57
318 100
-895 -98
-793 31
-155 -89
429 37
524 -18
916 -100
694 8
757 -18
-342 8
-449 -86
-210 -71
690 -61
214 70
-586 69
113 -50
-69 95
-468 -68
-491 -46
2 -75
39 93
412 18
919 17
580 77
-955 -42
232 -10
-211 -74
-367 -40
-747 28
-978 46
-433 86
496 92
657 -64
268 -10
731 -46
111 -65
-68 -53
463 59
128 -26
-282 -8
197 21
82 46
486 -67
-668 71
-628 -83
-908 34
-145 -58
763 -58
-698 -62
-735 75
-511 -6
699 34
659 80
-702 -16
-847 -76
-218 47
917 -96
-757 -38
839 53
-19 47
866 0
-190 10
-201 92
-111 -100
814 -11
563 -15
-526 86
219 57
-964 -62
-60 12
87 -82
-863 32
-135 -17
78 -94
-800 97
-145 -44
-623 -51
603 -30
-218 59
-193 -92
-448 43
-710 -76
-470 33
-409 22
859 59
188 -15
-887 2
971 -91
-874 88
-356 20
874 75
647 94
-647 88
-63 -95
894 1
-926 -69
279 -88
-764 -5
-909 95
136 -25
65 76
314 48
-906 91
-796 4
688 99
-195 70
948 72
-361 -25
-570 -8
-126 34
122 31
-304 80
548 -92
111 -23
615 57
240 24
392 94
-369 93
-153 77
28 64
-834 -37
59 34
-718 40
-936 -70
-829 92
-85 50
251 23
41 28
-760 92
739 96
790 -51
661 -9
746 32
985 -43
244 -3
-851 -64
-868 76
-513 -20
-195 -55
-342 -66
-608 -87
-726 65
-601 -25
-590 75
999 86
235 48
-622 -66
-722 12
-171 -29
568 -41
206 61
437 85
-79 -24
107 -58
-387 85
692 96
997 92
-268 32
-941 -13
621 89
852 -31
398 -52
363 -11
-727 15
-679 -45
191 9
847 -23
-963 -44
281 -43
517 -39
618 17
501 93
207 79
558 71
-259 -64
-420 -69
330 -50
42 55
-158 53
17 57
-902 74
-868 12
552 -51
658 80
934 -54
1 -85
-999 62
-1000 -68
-979 21
222 97
-68 -2
138 -19
-109 91
-751 98
683 -93
-78 24
10 79
308 69
406 5
-978 -65
-890 81
-684 16
14 23
722 86
-303 63
-413 19
-163 -83
-244 52
-46 22
-215 -20
370 -93
736 -9
-688 -65
655 51
-396 75
-974 -59
-285 -23
-880 90
-434 -74
587 -62
689 44
770 -59
555 -94
869 5
140 -87
-190 -74
-760 -32
140 -29
-959 29
-270 -73
-537 28
-519 -48
727 -29
241 -5
424 98
306 -1
192 -88
271 18
582 71
594 84
-636 43
-581 72
236 59
589 46
22 26
991 -8
-628 51
-381 60
215 -39
-564 -26
800 52
960 -99
-790 9
185 -59
289 94
81 -64
-724 29
-257 -37
-729 -2
-772 77
593 -90
100 3
312 39
-25 -35
627 -51
-139 -42
-441 -74
-127 89
763 61
-717 93
782 47
106 -45
-336 79
-157 53
-611 38
-387 -54
738 92
14 33
427 4
-463 57
884 23
0 -49
-65 6
634 -92
344 -73
641 51
155 77
839 25
988 -41
928 9
253 64
566 6
854 -81
-801 59
555 -84
-567 18
171 -87
896 -85
-701 -51
433 -40
945 91
838 70
791 -8
644 -7
-323 -45
-600 60
95 41
211 60
-611 90
906 4
-536 25
107 -72
-480 98
-102 32
872 68
697 37
-790 -4
218 -31
-764 -71
900 -67
-85 22
705 54
-958 96
676 -19
731 -72
902 18
732 7
297 84
-23 -75
487 -55
-791 -73
325 -75
787 37
-166 52
608 -72
-146 75
285 72
634 -20
-411 -13
305 -67
225 -2
-394 -3
405 -50
-541 83
699 8
-800 -74
1 80
-824 85
288 1
-857 6
824 -84
-73 -63
-779 14
721 32
259 60
-650 -71
89 -86
-611 48
775 -46
-296 -21
566 58
-908 49
161 -74
912 81
-844 -28
-333 94
-765 58
336 -37
-611 -35
177 65
-960 25
-715 0
167 -73
-625 34
255 -54
230 50
-5 67
-360 -64
-941 -32
-993 -30
-669 58
877 -56
732 -51
867 79
937 90
-414 -58
-963 30
-661 6
337 -37
859 -93
-791 71
-107 -33
772 55
-977 28
-745 17
346 65
-376 79
-566 55
921 -68
-763 29
145 -52
630 4
-533 43
980 -85
913 62
184 -29
384 -82
158 -23
212 30
774 -9
-393 -4
-957 58
450 64
998 52
-547 4
259 84
-587 18
-916 -6
939 -34
59 81
-555 -6
393 17
-364 -36
-708 -92
372 -44
934 -100
318 -3
875 84
667 -37
-828 -3
807 59
-394 47
-82 82
517 11
-209 11
-296 -58
-909 -5
-242 32
987 -66
-144 -4
686 91
937 -83
-284 -24
-334 -93
514 100
672 -46
175 15
-532 -25
72 36
-843 -47
957 13
133 -57
514 -67
-39 -27
945 -42
71 4
726 98
-692 43
-287 -65
-207 92
-310 -20
944 -39
-123 -56
-495 -79
978 -84
-251 -30
-86 -28
-229 -44
229 -74
-767 -78
924 -53
-325 -25
-698 17
-651 21
933 -63
-65 76
-636 65
-642 35
-321 -47
479 31
-287 27
542 48
518 -68
-359 64
-803 55
-708 24
261 -58
-548 92
-618 75
-923 22
602 -33
39 8
848 -60
988 68
846 -38
-331 -69
-478 22
-394 1
-557 40
-538 -31
-232 -5
-399 11
375 16
-580 -35
-277 2
-825 44
-823 -99
-824 33
908 -60
-167 -72
565 76
273 21
582 0
863 44
373 -34
239 -31
746 7
18 -31
-917 79
-114 26
258 -27
-130 81
-400 -29
400 -18
-188 -41
-275 -88
593 98
371 -62
875 33
424 -3
-149 54
372 31
-13 46
686 83
-362 -15
-193 98
16 -10
771 86
-152 -75
738 51
-362 -79
427 -99
-89 29
915 -91
766 -90
-587 29
-808 69
965 -59
874 25
-327 -77
-254 76
-316 -79
100 5
-187 64
-781 -69
223 38
300 15
-969 4
-723 -28
-995 -51
722 -59
370 -63
776 77
-877 -51
-99 97
993 -42
-440 -20
-575 -8
-119 -33
108 -84
456 35
782 28
-479 -20
878 -69
772 21
321 -36
-334 23
957 87
-519 22
439 -35
-75 -86
-611 -31
-80 -42
11 -28
-525 -32
-832 17
791 -17
-359 -37
987 8
730 60
-936 -40
424 75
133 -71
-864 28
-484 25
-573 97
464 -45
874 43
154 72
223 5
680 -55
-680 -49
-820 24
374 -2
-83 85
-896 63
274 56
-438 70
-327 31
766 -12
477 -73
581 93
-495 -94
399 57
628 -66
842 0
-420 82
-354 -69
415 -52
836 72
9 -64
-961 -27
-849 0
-904 18
656 0
530 -23
240 -81
-911 -8
-150 -37
409 70
474 -48
320 -4
-43 -26
418 60
-263 -59
555 -71
-880 21
-684 -31
-13 78
724 -53
148 95
639 95
-269 2
14 -9
-172 56
216 -8
125 49
271 -92
122 -50
740 -62
-509 -93
-823 48
-259 77
-120 -63
-164 -98
405 -76
-758 49
237 63
-90 -40
784 95
960 41
63 -99
-734 -62
666 7
-713 -59
-846 59
626 26
711 93
-243 -22
334 47
695 71
111 11
871 -10
767 12
-402 58
980 32
356 -59
-504 -36
-646 -82
-326 -90
-555 71
681 84
529 72
-578 -66
259 73
-743 54
-235 77
312 0
172 66
-568 79
537 42
221 -100
597 30
-961 -100
-362 -7
-842 -3
820 -49
398 37
-804 -1
-747 15
587 6
349 -7
890 -51
-66 -47
-223 -93
601 40
-470 62
987 68
-920 -9
590 83
91 66
572 -5
-999 -63
-606 5
853 99
-881 6
77 -71
914 -59
914 -38
-969 -76
982 44
248 -80
156 -3
-917 -90
-197 62
-922 -56
-543 38
444 2
-724 -70
402 9
-142 38
974 -55
-994 27
565 -66
509 -97
-817 78
-174 -34
325 29
569 55
-460 68
-252 -11
-3 95
306 -100
738 -43
-237 -35
-564 -54
250 51
-804 24
-861 40
110 45
659 31
-51 19
336 -28
343 -64
11 48
-116 -81
-184 96
-150 74
-375 13
653 27
275 77
410 96
159 -55
286 65
192 -61
801 30
392 -34
-512 72
-837 -6
-599 -84
456 -99
447 35
-643 90
-281 7
-212 -3
683 -35
391 -7
33 -3
-443 -66
-434 -36
-650 78
-837 -78
-117 25
186 -45
475 40
686 -60
592 64
902 -61
-302 -82
-463 -76
-280 98
565 6
560 -25
906 -44
-113 2
-713 -54
803 2
-306 -19
686 13
-96 80
45 70
636 -89
340 -5
680 -4
405 1
-727 -20
698 -96
-625 84
-723 -37
-723 22
-196 -58
661 3
528 -61
-507 -39
-765 75
369 -31
889 -59
-701 18
-959 62
-476 21
955 -80
956 73
-304 91
-643 -59
810 36
-351 46
57 89
85 63
-885 48
-336 -52
-31 83
-895 32
-479 42
284 32
530 -41
688 85
733 -86
513 63
322 12
-22 -23
885 -66
960 -61
-307 99
592 -69
247 7
579 -87
-107 -91
972 89
-785 -57
-295 -32
531 94
993 -21
400 88
23 35
488 -5
376 43
-167 -96
-116 -38
482 -85
-732 27
-221 -70
-700 94
628 -72
-527 99
20 36
299 -36
-796 53
616 73
-341 90
855 -20
-151 -87
427 -34
-37 39
-409 19
314 -90
-630 65
169 -57
719 -79
690 -18
980 29
488 -21
96 -75
-817 -64
-333 -93
343 46
214 77
-700 48
51 -85
-738 -49
283 -22
493 46
314 -30
848 -39
326 68
373 87
-549 21
196 -30
-458 -80
-32 40
-326 93
-285 -5
-566 -81
998 -90
712 74
142 58
53 9
45 -23
-782 -42
828 -14
876 -73
-795 -18
165 -13
-511 -42
469 38
-154 -42
36 -65
-853 -90
980 34
102 13
991 -91
860 -78
-305 -16
-7 96
-921 -22
-576 -13
-946 15
114 -3
-372 64
696 -82
636 20
192 -21
737 -6
237 -86
272 98
-386 97
521 -69
-421 -1
-215 7
167 9
-491 45
338 84
-153 -35
447 22
149 -86
59 98
-237 -41
-3 65
547 -18
116 -86
-304 12
480 -71
714 62
-976 -15
633 74
-944 70
160 37
-509 -66
319 74
-255 -20
456 -57
-914 -7
792 55
-655 -32
-92 -95
289 99
-294 50
-377 -27
-851 -22
-759 87
725 71
-438 -33
-684 73
-334 -25
-508 41
562 57
212 -55
496 -3
-579 48
356 74
144 -17
633 54
34 99
75 -64
-560 -51
76 -81
530 -75
282 -53
333 14
-104 12
-630 -71
-172 20
322 20
-932 22
138 -41
-593 -18
-54 -79
679 84
411 97
-446 -7
-872 53
-952 -78
747 -69
224 -13
-644 46
660 -96
789 5
445 46
3 -11
278 31
-984 -80
-664 -14
-468 -5
-927 -45
760 -25
-304 9
382 29
-17 -79
-210 -69
-179 96
75 -55
170 16
921 -52
-805 24
242 40
-3 -72
-144 84
46 17
-614 39
-85 43
-114 -22
532 38
39 -89
-289 57
93 -3
-723 18
136 71
398 13
989 56
-908 5
-360 -79
-936 93
409 -65
-483 -30
322 56
-878 33
-677 -87
338 -8
588 -8
15 -54
-10 30
-56 -14
1000 -60
320 -10
503 -77
-72 -79
-311 97
-27 21
-281 -39
-280 85
-344 100
372 -23
636 -57
336 99
-89 -56
-895 -25
117 38
469 -76
153 -25
-387 -33
-766 -81
-485 31
166 51
117 82
-89 -70
-152 26
-12 -46
-615 44
919 47
-649 73
-108 16
-595 15
-282 12
905 -12
-731 16
-123 -3
-989 67
32 26
254 12
663 -66
-24 2
-252 90
-932 85
10 -40
-516 53
286 -47
-937 -26
104 -11
-570 78
283 86
-969 27
-409 -18
-904 -79
930 -60
69 -13
-434 49
854 -77
514 -40
73 -57
-782 -70
236 -81
63 -87
768 20
623 -60
-473 51
-524 90
663 14
1000 96
-707 -43
-217 -95
230 77
-135 -48
-640 96
70 59
-245 -36
511 -84
-810 60
-89 62
-391 64
-916 65
767 96
236 -36
-925 3
-658 -68
-652 -18
502 69
201 -98
-986 93
181 11
-34 77
-380 -84
-265 31
715 71
-647 76
-163 91
594 -71
531 -35
-36 -93
-5 15
-497 5
-207 -74
-48 28
-820 -84
451 -3
614 59
-475 66
-334 2
-718 -48
363 -62
606 34
-152 -97
528 34
935 89
299 82
-335 -14
614 -12
451 -5
-508 95
516 34
-877 93
-531 -22
-279 81
389 47
203 -71
227 -55
-727 53
116 -73
142 -88
129 -10
-872 73
476 94
966 38
-331 -61
70 -9
258 20
-261 -18
303 25
643 -61
-209 -55
268 55
-719 -88
391 -35
328 -63
-205 53
-148 12
-863 100
-644 -88
-185 -59
-435 21
706 47
160 -80
-709 63
784 -39
-291 -11
76 11
-87 -24
633 -64
964 -28
381 -3
-705 -71
692 42
-845 9
-821 8
697 -45
-682 69
-306 -36
871 51
-202 -51
-295 42
728 -47
-743 -37
18 96
652 54
639 -61
-483 -32
240 50
194 65
-4 -69
-961 -100
76 74
391 72
-6 -85
636 75
420 14
-191 -9
-165 -71
361 24
485 86
-74 -10
-968 59
276 38
-217 35
214 21
613 -88
-659 2
-853 -92
-692 -94
-380 40
162 -89
-292 32
-314 -40
240 57
-382 96
343 -99
-537 -96
-938 -86
349 -52
-103 38
-454 -37
558 -45
992 41
740 64
-652 34
-263 -49
-533 76
239 -83
872 32
-878 -39
-364 51
-142 73
-806 98
49 15
-126 -3
-355 -70
151 -91
263 72
-70 -40
763 -43
-866 -82
-288 97
62 23
-267 18
-15 -85
-681 26
-47 64
409 -31
-444 -23
-136 -63
-328 66
37 2
-865 -44
-61 9
317 96
-398 92
-915 -38
699 -66
-48 -69
-183 76
-832 44
656 -78
-704 24
-783 -92
-665 -19
-389 -86
-771 77
-475 -96
437 83
-876 36
-287 -1
128 99
-603 86
106 61
106 -41
-39 -63
-713 -35
-597 -74
-38 38
572 27
-304 -81
22 68
328 -88
539 48
-181 78
24 -31
797 -29
913 91
-572 -36
361 13
-888 84
731 90
-659 -53
160 -32
328 54
425 -75
-232 -11
-905 -63
-49 89
57 -62
-524 -70
-916 -5
797 -57
-864 51
-290 91
709 -17
772 56
321 -70
-383 1
-142 57
705 -14
-354 -36
219 96
232 92
-872 -48
-340 66
-184 38
295 45
-681 6
245 -9
244 -41
-23 -51
81 3
713 -17
675 82
8 34
963 19
-920 83
-333 -37
-282 -19
294 -43
139 13
-547 0
-879 92
187 -31
-798 6
-282 86
772 36
-279 -16
-90 -16
-729 29
-304 29
990 20
729 -17
529 16
175 -44
804 -31
-196 -57
418 96
-527 -20
647 -18
3 -37
-62 -11
-870 6
597 47
-980 52
187 -43
103 -82
86 -40
-267 100
710 -24
-401 8
692 24
786 -72
507 53
114 95
-813 -8
-462 6
-111 -4
-20 -3
-206 70
926 62
-23 78
966 -25
-383 -21
-961 -8
463 -26
-683 86
-474 54
726 65
838 47
0 -78
-345 57
-716 3
87 -51
2 -92
651 -44
-8 70
371 -17
-286 -71
-59 -1
-695 86
368 67
745 61
224 -67
-935 -4
989 -88
-547 -89
-660 54
505 32
-795 -20
-467 -88
211 100
945 39
-352 -95
-114 -35
-562 22
-441 -27
648 82
-196 6
-352 44
-269 61
578 -67
5 84
956 -36
697 -8
-545 -99
980 -75
576 34
130 -40
192 -55
280 -74
-461 46
319 -28
-577 -31
339 -60
53 34
505 35
-530 -81
18 -80
-570 40
-373 -81
520 -53
266 92
122 -17
488 -45
-74 1
-619 -20
15 -91
-949 6
758 -57
-228 -40
-519 32
863 40
587 -75
-540 -69
-487 78
547 27
801 -100
133 -90
183 -33
-766 1
202 65
-191 2
-871 94
-406 -80
217 91
-456 74
-486 -83
874 -68
1000 -55
-236 -13
-625 12
914 -93
-591 -20
-303 -36
951 55
496 67
297 99
962 -81
255 -29
671 19
-893 76
-756 57
-831 -48
13 8
600 -37
327 -32
-175 -72
-937 -48
621 -6
167 90
-169 -92
-628 -1
-553 8
235 -35
166 81
-650 0
402 -52
214 -78
-246 22
418 7
1 -11
-708 44
587 -81
-803 15
774 -42
-355 -98
-904 29
459 68
46 -86
157 88
876 -98
174 76
367 91
-483 16
620 -49
605 -1
-849 74
206 -95
942 -9
-129 29
-758 95
363 97
535 91
-819 -24
425 14
-687 3
-86 6
847 -47
109 33
652 44
-678 -72
-8 73
-163 -92
-795 -7
-300 -58
567 -63
392 10
-917 8
513 44
343 16
-950 19
-345 -27
-836 56
197 52
10 53
236 33
647 53
759 73
-569 -97
281 -35
883 99
-619 56
-21 -80
309 -63
751 54
464 31
407 -37
62 -38
-228 23
106 -25
-648 -31
-587 3
115 19
-99 2
226 8
-106 -39
-38 88
462 48
-788 -27
-241 -52
-364 -42
952 -76
-336 52
413 0
-544 -61
337 69
88 -99
314 17
-469 99
850 -37
-426 31
-711 -28
-652 4
211 26
-807 89
-445 -73
-345 44
817 87
10 5
693 -4
833 -19
801 -28
725 31
174 17
872 75
-353 -78
-446 95
-411 -12
160 39
-207 8
-548 24
392 -100
704 -96
375 -91
-496 -76
957 -2
316 -16
181 -31
-635 94
-801 61
558 -29
936 25
264 -59
-269 -18
214 16
-929 -100
-189 38
-480 -82
313 50
-514 -63
-213 49
-110 70
-393 41
-891 99
285 -19
612 -41
-595 79
-553 43
197 -39
-843 88
493 56
-279 78
834 -48
521 -69
130 15
636 36
518 31
-974 12
-834 58
836 12
110 60
81 63
609 67
-969 -34
755 -63
-760 84
423 56
758 -42
580 -38
-731 60
-355 70
495 61
69 34
276 30
-90 -82
-42 11
-555 1
774 -20
-684 97
-560 -44
-506 -92
-678 -96
322 -85
281 -37
-261 22
-687 71
-854 -2
-155 -93
224 -16
857 -65
-289 58
296 18
-877 -58
55 -89
-510 -9
-216 -85
-428 -92
503 62
931 -79
-524 26
22 81
-635 75
479 40
-729 -3
26 17
709 -68
454 -87
455 -71
149 -35
759 27
669 49
914 67
386 -20
-147 -44
791 -91
-479 -40
427 -13
-7 51
978 -62
259 -77
-142 -65
-686 -88
736 -14
-362 70
-449 -88
494 -55
-231 63
-37 63
-719 -93
-154 68
487 92
281 -85
-636 79
578 44
-923 -99
600 93
-60 90
-413 22
-815 37
179 -100
462 37
757 88
639 -80
-417 54
654 -14
-776 -27
472 24
30 46
317 28
657 -28
-168 -15
407 30
212 79
434 -10
856 -11
334 -84
-903 -20
18 -70
519 -19
269 -99
-904 -33
724 64
741 49
-858 26
-374 -64
-904 68
-950 -11
344 -8
-192 48
-259 -51
-676 -10
-140 -25
18 72
167 99
296 -1
-998 45
-257 9
-501 85
-591 51
-798 -53
933 26
561 99
-913 8
523 -31
604 41
772 -76
318 -83
-462 19
589 64
-796 35
466 -48
-581 14
-647 60
966 41
81 35
-605 36
-798 96
500 64
848 -100
311 -28
-626 -97
-916 95
844 33
-501 -55
-178 70
-495 -91
564 -49
-356 -66
-58 -34
351 -84
-667 80
161 64
156 -25
821 -80
790 98
-354 -67
-969 -72
941 -39
989 -44
-145 -19
-758 38
210 24
-402 -25
823 71
-410 -60
-56 -24
-761 27
228 35
790 -87
-367 -4
526 -31
83 38
275 15
-649 -86
102 -32
266 -76
-606 48
-734 51
-6 43
301 -67
-176 -58
-51 55
263 -69
777 4
-388 -25
291 64
553 9
-536 54
268 59
619 -57
-54 -30
693 91
705 -46
-48 -7
-507 93
105 -3
867 -50
941 81
389 75
-693 -43
-752 60
-252 78
-394 6
-87 -9
-432 72
-823 -74
-835 19
-49 11
-569 -74
-304 41
-922 33
-354 -94
-323 5
537 -51
615 62
840 -29
-1 -74
132 68
-351 -69
-208 -65
404 77
85 94
19 -58
68 30
-515 92
324 31
470 30
895 -34
-596 -62
781 -20
225 -66
-540 -23
-908 -8
36 67
134 -32
21 79
413 -52
87 -24
-267 -45
-993 -11
431 -2
421 73
880 -48
631 -44
754 -38
-902 21
-913 -3
569 20
-28 63
-693 5
259 57
-763 34
-750 -57
118 -80
-743 -73
366 23
-509 -57
-274 -13
762 8
-756 -77
-509 -64
339 74
-326 -26
388 -2
-598 -83
823 -33
-637 41
-882 -35
-302 61
-840 -28
-371 -62
-373 -15
425 56
-354 -94
210 -27
6 -7
-98 14
-844 60
569 18
-352 44
220 -32
-382 80
-551 -38
335 62
596 -55
254 -54
-286 -60
568 47
-698 94
-202 85
-811 -61
-1000 73
-397 90
864 -74
682 30
443 -46
573 -8
449 -46
-198 13
210 59
378 -48
-234 -97
-858 76
402 -15
-188 77
934 -69
321 -30
-256 32
-721 44
-828 49
921 -9
585 89
-576 53
-174 89
-916 97
-310 29
-167 13
-640 -54
850 -42
280 4
-533 49
131 -26
44 -92
-814 -24
-384 -6
863 -41
469 -37
-252 100
-44 0
560 97
347 -73
-956 41
347 -38
-464 -51
201 49
37 7
-725 69
-911 -62
157 -17
-446 -79
123 -27
-803 17
322 -82
-678 46
-649 61
-853 -56
-647 63
-421 -92
-168 7
-246 -61
-124 -58
12 78
-929 68
-783 76
-816 91
420 -21
858 94
-745 11
131 -24
-774 -92
-261 -13
923 15
-938 -81
-664 -50
407 48
839 41
-529 -81
509 69
-272 -52
989 -49
638 -52
-346 24
628 -92
-820 11
638 43
-663 -62
342 -68
-765 26
-690 -35
-65 61
583 -42
985 -34
168 -65
-695 -95
481 64
604 -82
-440 -87
478 -30
494 99
-689 7
-221 -69
-712 53
888 41
553 -54
632 -27
828 -86
-239 -36
714 36
-982 -18
-88 -73
385 99
908 -26
582 -36
68 60
825 42
-615 37
879 23
950 77
490 26
-510 66
370 92
-246 55
723 29
766 -60
-880 67
-671 -78
264 -8
-610 83
-196 -71
-912 22
-609 30
-838 -98
-806 -49
-784 77
772 52
483 54
403 -54
-450 -72
-289 52
526 -8
203 53
-703 -52
167 57
195 40
-706 88
766 48
818 -30
-676 -9
371 92
284 90
-411 -22
-100 96
699 -3
21 -16
211 11
-291 0
-355 21
619 -93
139 -62
-875 18
645 83
-226 -58
-345 69
87 -60
126 92
757 68
963 12
-882 -65
551 -1
780 -71
-571 54
-200 -59
12 -7
522 -29
-578 18
4 -98
-561 -16
-861 -47
-589 -54
-629 92
573 -26
267 36
401 31
-61 69
-380 46
-202 -75
692 94
-133 50
-55 -61
-54 57
-23 -4
-336 40
931 -48
-534 74
-972 -55
362 -83
-361 -76
779 15
799 74
51 -40
432 44
367 -18
438 88
618 -18
4 89
-420 -35
-944 -1
250 27
-99 -55
523 51
150 -88
995 -73
-719 -35
302 -85
970 9
-317 6
745 -73
-864 -33
964 40
-748 -51
-461 8
1000 4
871 39
-24 -52
-289 63
-822 -78
-401 14
647 -74
190 55
663 -6
430 63
-981 12
203 30
-479 99
-282 26
372 54
-869 -50
-635 7
949 54
-499 70
-427 83
939 89
-193 74
830 95
786 -32
156 -53
-37 -31
-708 -77
128 -24
664 -46
-581 2
-79 -99
109 87
286 18
454 27
-616 15
-365 92
-83 -79
880 94
534 24
-107 -40
797 -58
142 -52
-810 24
-708 0
873 -95
784 74
760 96
892 -37
693 -38
816 -65
-321 -98
733 -67
924 -87
-946 77
-261 56
-8 -81
-798 12
-761 -80
-568 12
-68 90
421 10
267 -68
890 -43
-32 19
-698 -33
671 84
382 19
696 21
384 -24
-41 -22
131 -47
-231 -95
570 -89
-558 15
-451 54
-895 -48
587 -47
678 17
737 4
-116 78
82 -10
407 100
718 -20
658 -5
-151 -12
-450 71
897 33
-382 41
-581 -17
58 -86
604 -91
416 -94
837 3
672 39
466 56
-303 70
514 -19
938 31
-437 -45
605 51
-434 -78
867 -52
-300 81
359 -28
-145 -69
-309 63
909 -10
93 15
-952 -10
684 -31
-926 26
-791 -34
992 -52
-187 18
-100 9
-948 100
-917 84
367 -22
-726 61
743 13
322 -74
-577 88
530 93
-118 48
-95 1
-76 52
303 -44
-328 -99
-54 98
758 52
930 -39
153 91
67 53
775 66
699 43
-343 68
650 88
714 84
591 13
-814 71
493 -49
-781 22
350 -58
868 35
-48 3
219 53
473 -70
-276 74
-376 50
738 -43
-359 45
85 -51
703 -10
-360 -57
62 34
115 -38
406 53
-137 48
188 -80
398 100
-999 -28
-193 54
684 85
261 93
-404 95
-625 0
276 23
956 -13
400 4
-172 91
-480 -41
-489 -13
-25 -40
-18 -86
193 -15
-442 62
730 -24
-586 95
-61 85
717 -52
-262 -36
-700 48
-594 -57
681 -53
522 -88
-332 99
192 95
-569 44
21 -9
-138 -50
-712 -34
-549 -89
160 11
299 -11
571 38
-522 -67
-581 85
-556 81
-409 0
49 76
129 -79
-263 45
-156 95
-623 -5
198 48
-299 46
683 -54
886 42
-805 31
-305 77
-115 8
153 82
-406 20
-185 -65
611 42
786 -82
607 30
158 93
918 97
-815 12
-703 68
-775 46
-202 -12
234 -90
-410 -59
-573 30
-588 94
80 -28
-119 46
310 -53
415 4
-658 -64
-230 49
-287 -71
-820 58
-937 -68
650 39
11 41
535 -93
474 -84
429 -63
-884 -45
848 -7
-63 67
657 -54
-585 38
-862 -44
942 23
-52 26
581 51
-974 59
666 -96
798 -74
780 14
129 52
-3 -48
-20 49
388 -82
677 89
-400 -100
-225 32
792 13
606 -96
447 -21
950 66
522 41
-958 -73
126 -63
245 -10
-19 -82
265 94
-43 -63
245 59
225 -13
850 4
-456 20
454 86
392 1
-712 -9
-144 92
859 -84
661 -62
-268 64
-658 -67
-617 93
-184 -82
319 11
-49 -26
-393 -51
-670 -88
530 -27
-775 7
773 58
106 -93
-986 79
152 -85
862 39
-53 -14
39 -53
34 75
-452 13
213 -83
-552 22
100 -9
11 81
-810 5
-513 64
-444 -47
310 -12
995 -86
908 -81
966 19
-897 64
-499 -16
-41 38
-138 -41
354 -80
-979 -69
-952 33
-576 89
-19 -55
-293 -43
-684 -95
-705 -1
-353 21
-915 78
354 56
-757 27
-120 65
382 58
116 -33
482 33
497 19
-740 -52
-326 -13
-144 -21
-958 -90
-537 80
-663 -39
303 37
188 -31
-600 -76
-44 -61
646 54
663 88
-730 95
171 13
102 -50
447 -83
279 2
-531 -36
738 22
-632 19
-363 44
659 13
-998 75
696 -19
328 72
331 -98
275 22
-222 12
648 -84
-611 -20
599 92
-646 -76
162 -51
183 -88
-356 80
113 -89
153 -24
948 -20
-946 -90
455 -97
-974 37
788 -17
841 -97
-24 -2
-686 0
-466 -47
-601 22
-773 -85
-316 93
619 -99
962 86
-608 42
157 52
632 -32
848 75
905 58
607 -73
-554 -20
450 -82
903 58
813 7
-982 35
296 -64
642 87
-114 -31
-456 6
251 -100
638 -95
-914 91
-777 -85
-823 -85
280 16
-209 56
-463 33
-773 -73
425 -20
173 10
-976 -10
-380 -25
36 -15
942 58
-626 71
-914 98
109 83
-413 51
-758 -12
-383 -100
249 81
463 -33
7 -93
623 87
79 38
870 26
-26 -25
-373 -93
-939 -44
714 -98
591 25
593 12
789 -11
192 -78
566 -66
-860 -71
443 -33
-755 78
861 -96
-108 49
-534 -27
750 -27
37 -68
-507 43
-986 -6
-154 14
-305 -27
131 -84
996 45
388 85
-107 31
105 92
-184 0
678 -100
-932 23
70 -13
-880 -75
-719 -64
882 -80
571 86
768 -41
597 41
-320 -5
876 -41
362 58
-38 -46
532 -14
962 51
400 -30
-924 31
-20 6
433 -11
401 -77
-53 64
366 64
208 -63
-442 -48
439 23
453 75
-466 -5
-248 16
598 -55
-208 -49
567 -73
-833 95
-586 -73
-616 -66
177 36
321 -90
-205 -78
-199 -73
323 13
-541 -14
-583 -77
984 9
544 -16
-292 -44
-459 -41
-359 27
356 -2
-780 -10
-311 78
230 -21
60 43
549 40
682 70
734 91
-633 -10
804 66
-947 -41
-126 -85
-960 -32
-308 10
111 -70
-655 85
-145 -24
155 7
-352 34
501 -25
323 81
584 94
-29 -52
447 31
993 -36
173 94
-424 63
985 1
-741 97
116 13
-395 40
348 0
371 -94
-785 18
-484 79
-407 22
80 -12
-397 -34
835 -86
-668 -76
252 23
-588 -27
707 12
-66 20
-916 -100
-564 -42
288 89
-235 -72
-993 -79
784 46
96 96
-191 -51
-884 14
756 -54
-259 -75
-265 -64
-157 3
569 81
691 -44
349 -66
482 89
-745 -31
-96 -15
-54 94
119 -26
3 -93
910 -17
299 -9
-249 -19
-958 -82
862 -54
-117 7
199 -46
-994 -52
600 41
-219 -19
429 80
956 -51
163 -60
-143 -16
197 25
-94 50
733 50
-291 -5
963 -19
908 17
-481 95
988 -23
-453 35
-687 8
444 -53
-710 3
615 60
-434 13
836 -71
-51 33
-71 -51
-899 -48
-239 2
-866 87
-83 -49
-204 -27
793 -18
774 65
-939 68
755 -80
-158 14
204 -9
-644 -23
986 60
-489 -26
437 -72
-193 -49
-782 3
574 -91
-690 -13
400 -16
-678 99
896 58
336 32
173 83
556 77
960 -12
708 37
-900 58
921 -41
187 9
795 -47
115 -62
-58 26
-402 96
-225 33
851 -37
-912 3
-120 87
-365 -30
479 22
-624 7
-325 -67
-927 29
324 61
332 -48
306 78
-716 10
598 -29
-288 -88
479 46
357 58
299 -39
606 -10
55 42
-607 93
717 29
-747 -73
478 -86
964 -34
769 -6
136 86
979 55
-787 63
402 -14
-433 46
-15 -56
242 6
-946 100
749 -77
-426 33
-168 0
316 78
-830 -49
-852 20
730 94
797 79
-830 -19
471 98
-842 -48
-297 32
908 -91
-866 -88
12 -1
-632 -6
-974 -4
-44 4
-837 11
-68 -76
205 27
-866 96
-706 43
528 51
-2 97
-572 75
112 -78
-811 -38
689 -98
-239 -67
2 -9
193 -10
-594 55
-433 -57
-742 -52
-23 -49
-880 68
318 76
412 -62
-731 -65
-482 -6
-178 -93
753 -58
-282 83
-33 85
-88 32
284 -76
-527 42
-268 57
929 79
-829 5
390 49
-731 73
801 1
-864 28
-984 -31
273 95
-701 45
-624 26
-844 -85
-365 100
-318 83
-338 6
-33 41
-593 -59
-523 -43
-991 -69
49 36
220 -79
-210 38
747 28
-229 65
-607 -8
-923 52
249 -81
788 -99
375 -26
-784 10
-185 -7
-656 42
566 27
-762 -28
-72 -91
-583 45
-764 -10
-439 -94
125 88
-368 66
993 34
163 -7
-164 66
-225 -9
87 27
42 -93
76 91
10 -3
-863 -56
938 -22
-87 -40
833 -71
-17 -66
774 -19
-907 -65
-339 53
-330 -10
-531 -75
877 33
-489 76
329 58
-882 11
116 -28
856 -67
345 -96
450 -88
668 -87
-585 -57
-292 99
-302 56
-427 -71
-859 -47
-306 -94
-836 -99
79 -77
160 -91
-662 -61
-839 -7
2 44
-872 -37
324 -18
-39 31
-44 -26
967 99
823 64
-873 -46
-827 56
-293 -95
-122 -3
777 19
367 59
53 44
334 -89
-14 74
455 60
233 23
-391 17
123 12
-870 50
620 -25
-373 -62
372 94
288 -38
570 54
-521 90
574 24
-285 -34
537 -5
180 -41
-91 50
779 -32
92 -92
555 -16
965 -12
-649 -84
-324 99
102 -65
-209 -80
349 52
-83 -1
453 -32
-356 -39
-725 31
631 -45
260 -99
-709 63
407 39
233 3
888 -54
97 -26
759 95
-110 86
-609 -24
717 61
212 -52
-785 12
-303 -40
-270 -27
769 -48
-525 29
657 -6
654 20
895 79
546 -56
103 -6
-663 -68
-269 -23
689 55
-994 3
201 -3
-10 80
-463 -18
123 15
-996 -47
-679 21
-885 32
-330 -19
-86 -33
643 11
-349 -31
675 -66
475 33
862 90
618 68
-468 62
-878 -10
515 -48
-292 59
-108 62
61 -19
-921 23
183 -24
516 -78
-37 58
51 -52
317 -3
469 98
333 -76
-204 37
38 77
-335 -92
74 81
324 97
677 6
-182 33
211 -73
-403 10
700 -9
786 2
-782 -94
-603 89
-697 91
412 -60
400 3
676 31
777 -94
-456 -86
-80 21
-716 -52
673 26
830 -50
943 -74
804 -72
-903 -82
68 99
-976 -34
-126 -28
-315 -27
-899 3
267 6
-265 -30
791 68
-333 90
-307 -68
-718 58
354 -36
-17 18
-773 -45
743 -65
-790 -35
222 -83
738 31
-575 94
-152 -79
363 -24
987 -89
212 11
574 19
-431 -36
628 -23
-819 81
823 -22
-604 -65
-194 -58
974 6
-38 -88
-753 79
-814 78
429 -58
-649 7
-424 -24
-289 15
-270 32
-34 -98
244 53
-343 60
-868 -68
-906 -23
618 -74
-379 -64
-305 -98
-256 -43
89 -54
78 -37
-185 -2
-792 57
-337 28
214 -1
-175 97
-628 42
-509 9
448 -52
102 92
732 -10
268 97
236 -66
-653 -87
-869 -17
733 -53
989 14
-169 39
-351 71
-1 -1
225 -99
570 42
604 82
-443 16
896 18
969 70
-331 44
393 -86
369 100
-835 87
587 -23
970 -52
-956 -16
-323 33
-317 -90
-827 -76
487 -4
-443 -31
-145 -99
-450 -8
877 23
-861 90
425 52
194 -61
924 -76
892 50
-73 -84
286 -85
32 76
212 -37
306 -95
951 29
-840 59
-568 -85
-866 -70
-595 -65
-794 -60
-218 -3
696 42
459 -39
823 85
-548 -83
-495 -43
244 -100
-385 41
659 83
-517 -31
-579 20
-461 23
586 -95
456 93
92 67
-265 66
575 81
-820 77
-926 3
557 82
233 16
-408 25
108 45
-3 61
8 94
291 -60
961 -16
-882 -84
146 63
232 86
855 -4
28 25
692 51
-248 -64
960 -62
468 -47
-865 -11
189 39
952 -71
289 89
-934 44
-382 -42
-133 38
588 99
597 71
-748 -34
-795 68
192 -95
-313 96
599 87
-220 92
-956 -58
-786 -47
-326 37
-233 79
-743 99
169 -74
-136 23
-660 37
12 -21
91 -32
-221 33
-881 -23
-530 -14
895 -88
32 -99
97 89
821 43
267 98
-623 -34
-496 42
-546 -1
-666 49
-800 -67
139 -34
334 11
931 -33
-645 -99
457 -10
-395 -55
-877 47
-717 -51
-90 57
410 83
506 51
317 -68
-719 90
-27 51
-640 -69
428 -12
146 -93
-253 -32
73 -92
401 -89
-298 63
17 62
-428 -67
-110 6
-152 53
201 -42
-865 -97
-281 -11
222 -91
189 -95
-853 -34
-427 56
848 99
393 -50
-378 61
111 69
103 47
263 -90
-698 -24
523 70
-927 97
-218 -89
-833 73
268 -62
-894 90
644 98
634 -82
-352 19
830 -21
361 -59
-818 -46
-10 58
-825 -70
213 60
363 -70
541 65
475 50
551 11
968 -90
-531 -87
-522 66
-426 86
-969 -9
179 48
201 46
229 -44
88 8
-449 -20
636 17
-179 48
-56 56
-47 0
246 -58
-171 54
-394 -63
-348 -70
892 96
341 5
-601 16
618 -11
948 67
-418 -73
428 -72
173 -14
477 -18
-526 -22
-523 -34
-526 17
-419 -93
251 -81
194 64
669 67
-778 -86
530 97
-69 34
907 -2
810 -18
-350 89
514 -70
-836 -36
-54 -72
650 74
443 29
-495 -92
315 39
414 87
-419 -23
289 -78
-911 -41
-921 -39
-803 -62
90 47
289 26
145 -34
-157 59
-274 87
368 1
-216 -76
59 -5
277 -33
890 -60
186 -77
-519 -19
-343 -69
60 -76
-824 33
-187 -85
-980 -13
-288 47
331 -19
397 92
541 -55
-539 -76
-802 -39
262 -86
-726 95
-516 -30
410 86
373 -61
-308 36
21 70
-791 -98
-267 -92
-412 -91
962 -17
838 -58
758 -51
-52 -47
400 29
667 14
777 -72
-563 -70
523 47
414 -70
652 54
786 60
636 22
705 -63
-621 -85
-4 57
933 -47
999 -4
-224 -68
304 -36
-678 -97
-967 -26
619 -6
-389 61
-516 -67
-117 14
-350 31
833 -99
-944 70
816 68
109 -84
-281 -20
254 -87
497 -75
657 100
751 -56
-60 -58
-994 -50
894 17
337 -43
390 35
-516 35
712 -56
-144 83
-343 -35
-587 12
660 -98
-890 -11
424 2
-918 33
-574 -73
-170 -22
443 -44
740 -48
-973 60
-234 80
-223 74
-450 -28
266 31
-764 68
335 -72
-382 70
399 42
-434 -91
774 12
584 -99
-59 -89
-799 -23
-191 68
196 84
186 -63
-218 -80
250 6
504 -51
911 -58
119 98
-122 48
422 -19
-165 -100
647 -66
-463 99
-280 -11
824 -57
986 70
830 32
154 -58
719 -33
-345 58
214 -27
942 -59
910 -77
482 -60
-337 13
-737 -77
-181 79
286 -37
826 54
645 82
411 -93
955 -67
891 -38
196 -41
-903 97
-227 40
288 -96
187 -41
-24 -16
210 59
-36 56
454 -63
-525 88
-311 -86
-40 -82
554 17
-889 28
-592 86
839 26
-120 57
898 72
795 98
-934 20
-780 75
874 -51
66 47
652 -57
-622 -83
835 -44
-602 54
869 -58
-643 87
-362 85
42 -89
-778 -33
105 -87
-277 -39
847 -79
-534 -47
-353 89
-674 -30
-455 -23
-246 86
-864 64
379 -18
73 -33
186 79
-609 97
-266 65
252 -39
504 -34
-484 74
-556 -74
14 -16
-308 51
682 21
-932 -69
195 -91
398 -9
-183 99
-100 71
689 -23
-235 83
443 -42
423 -77
589 -81
186 3
-19 80
-338 87
-605 -7
-238 -44
275 57
4 93
815 -91
929 -47
-386 -41
-699 78
-162 -54
-3 74
-392 -5
638 92
723 82
-995 -49
696 29
597 81
297 50
-786 -20
-833 2
910 82
472 -19
-359 18
151 79
-61 -10
-695 -77
808 -11
203 21
537 -56
634 -96
465 -50
-502 97
542 -68
-339 -1
-479 -78
752 31
-462 99
-117 -3
-868 -44
-903 -56
-578 4
-495 -53
-26 14
385 96
320 -38
360 -17
471 91
378 -37
592 47
701 21
476 1
698 -9
-93 -32
-137 32
643 -81
806 -15
-328 -12
563 16
-530 -72
963 -28
-245 -20
-705 -33
467 -34
-977 79
297 29
740 -41
942 -73
894 -52
868 9
851 -73
536 81
543 83
-332 65
-245 -34
774 78
296 83
893 95
-644 72
925 -32
-802 -55
-508 95
156 94
57 73
517 10
-31 12
509 47
889 22
-100 -6
-964 92
395 -40
200 -34
-127 -3
-262 54
-68 93
-50 -77
-436 -8
218 -71
861 -42
154 -5
284 86
584 18
-898 -57
655 -97
632 -65
-391 -81
-318 17
484 -58
-545 16
-311 -97
-450 19
-739 25
-695 -97
-239 13
240 -86
-598 -10
-775 -87
-990 57
641 49
-31 14
-420 100
749 -11
-832 -74
219 76
-941 -81
754 -17
-727 100
-84 -46
186 8
-534 -67
-243 -81
275 -98
684 23
460 60
669 12
635 -6
267 -58
-149 -60
-738 64
540 -27
-58 -10
17 81
378 -81
755 -91
900 59
251 -83
588 38
-589 21
901 -7
-106 -17
-304 -69
349 -5
345 26
-461 6
-901 -51
868 -84
-107 60
439 38
-793 66
623 26
-959 -43
427 9
714 -77
-21 97
-127 81
-881 -20
-988 -63
384 75
613 39
435 35
-809 -52
708 -48
-320 -47
-736 -22
-501 18
-291 -15
-767 23
-715 5
31 -37
-485 -45
-940 8
157 75
893 9
881 -40
-237 -5
975 -80
-477 -81
-290 91
58 -54
740 -99
-541 46
-21 -71
-28 56
-155 13
-816 59
696 -89
257 -92
384 32
-982 -34
61 38
813 -7
-437 -18
-683 -88
-900 -11
772 64
814 -16
-520 -30
-144 -70
-910 48
654 -13
15 -5
-148 47
967 10
991 -72
-652 50
236 -20
-558 -99
705 -50
-102 -6
-685 -43
-598 -22
565 -47
329 -36
709 -41
179 68
928 -14
-857 -78
869 -14
-941 -62
-402 68
352 20
-475 77
-206 47
585 -14
-619 -35
-785 -67
434 24
-95 -1
455 -88
-103 80
-540 -96
-166 -29
867 5
-630 -22
-879 32
730 -39
-349 1
-125 -52
479 -8
348 -87
-718 99
-990 -39
560 40
-444 82
302 -3
589 -53
-863 30
815 34
-27 -29
-908 -84
-652 95
-938 -41
150 28
22 44
-26 0
275 47
735 -39
66 66
-579 -43
722 74
119 -8
-606 -40
-584 49
192 29
674 84
-3 -36
-140 23
926 -34
-719 -32
856 31
691 -8
-736 -40
-633 -78
-632 15
-340 21
-483 75
-833 -70
-640 48
114 62
90 55
542 32
-889 -4
-670 -28
-235 -93
499 -36
-595 -85
-724 -36
378 37
-47 68
475 83
-551 65
-161 84
248 44
-253 19
-918 -94
541 -56
235 -51
-253 -54
177 -46
-446 50
-256 -88
-773 -14
-740 0
-210 -9
-535 -36
774 -33
881 -100
933 77
379 -33
49 -15
947 -2
813 98
-181 52
-160 3
112 61
-619 -11
-929 80
-801 -32
-270 20
-205 15
430 -87
-478 -81
-523 38
880 -27
-519 36
-557 -78
-68 82
949 99
143 24
115 74
855 -6
794 -31
518 58
-447 -47
802 -50
746 -44
-693 -43
-918 -30
-191 -84
-444 -42
-471 -87
-706 -18
51 12
-498 68
538 84
583 -95
-958 -75
290 -93
-440 -84
-605 -83
-589 -57
781 19
727 64
-916 36
-785 -6
660 -92
-201 20
-522 9
861 -50
-199 -87
546 56
757 -3
-397 -24
127 46
809 -56
-719 -79
573 -69
741 1
235 -27
453 56
427 62
-151 -99
613 35
445 19
-961 -66
-532 -91
-740 -30
579 23
-387 -77
714 -54
35 30
-229 -31
306 -88
472 64
-190 35
-866 -87
636 31
710 -61
686 -16
587 -64
44 62
-654 -87
-541 58
-794 -7
-145 -62
-584 37
626 -57
-226 70
-622 -7
-93 -19
579 15
818 -2
-428 -73
-605 -59
255 43
-869 56
751 -39
768 -87
-149 56
-619 2
-343 -22
-966 71
-445 -34
574 84
560 -53
-613 34
-795 -32
-606 76
579 -23
-67 -74
-765 76
424 -17
979 -63
-544 -85
563 19
-893 14
471 -18
-809 78
-631 -82
-218 -81
-588 19
267 66
-455 57
21 -72
-688 63
981 -40
912 42
-695 -2
616 4
690 -78
-961 6
180 13
791 45
-477 78
-369 -63
-618 -88
367 4
-992 30
-452 -44
604 65
916 -58
-296 88
-109 99
-89 -99
318 33
-438 85
-968 -27
728 -24
-498 -68
-195 -98
773 95
772 55
355 26
86 -21
795 41
-883 53
983 21
-585 33
704 -3
220 -37
-750 -78
-359 66
788 10
-619 -85
212 -100
20 -4
-784 -56
57 -82
-481 -7
-881 24
-247 58
144 30
-644 62
-875 44
-10 -95
-529 31
834 -8
-856 15
-458 66
-956 -61
-812 32
-88 17
780 -55
197 -47
855 -30
-851 15
-276 57
-246 -9
483 -78
-842 -67
-693 88
-706 -64
405 30
-859 -75
275 10
-89 39
-708 -97
-219 14
-586 -53
646 89
753 5
654 -94
-380 -25
563 -6
952 -83
324 -3
-159 84
-353 -55
-549 24
740 12
-912 -53
-39 16
-887 38
-306 77
333 -63
938 94
-200 -4
-164 -49
740 91
-616 22
958 -15
-699 -64
556 92
-801 -39
-868 -72
217 48
873 39
-286 50
370 -38
383 5
-965 97
-377 -21
-243 21
627 -60
-408 84
342 -35
-969 -27
697 50
811 -80
-961 99
-982 32
-945 22
181 99
-539 -63
-447 99
659 -13
-749 29
-607 -88
-610 -91
26 30
81 6
472 -11
-320 21
884 24
-930 -13
509 55
-446 -77
-32 -44
42 -34
-587 8
150 -35
472 -68
592 -71
519 19
-135 86
-595 -71
-563 -50
784 42
353 -90
-253 -9
-826 34
-595 -31
-625 84
-209 59
985 -10
-420 79
-701 88
371 52
348 54
799 -96
976 -99
-122 96
546 -79
-657 -33
-666 -48
42 96
912 23
55 -11
-423 74
-924 8
-654 20
306 -87
596 -75
-418 -99
597 15
-521 -35
-283 56
747 7
-948 -35
194 -8
-328 -23
-580 8
90 34
-12 -19
-425 37
868 -84
339 93
180 78
606 26
916 -41
-470 13
441 -10
-88 0
331 -35
-714 -58
-346 90
686 -56
-361 -14
756 47
537 1
783 -21
-434 23
879 -7
752 81
-923 15
520 -5
267 89
-120 -63
-872 65
-31 -58
-449 33
-357 -51
-514 17
-800 35
-250 86
795 -66
655 -57
-250 -89
-257 71
-93 -78
312 61
82 -5
-117 34
654 99
-604 -62
-756 21
-958 23
70 97
994 42
-181 -91
-388 -57
-176 -11
275 -52
765 53
-431 26
254 -6
570 100
425 -47
-507 3
940 -40
-790 0
-956 -41
-929 99
-257 -84
-199 47
665 -87
123 77
576 24
-80 23
-898 -55
-309 84
-234 6
351 -1
-547 31
-798 -79
218 1
778 -12
-987 -9
-386 89
166 60
-130 -41
-364 70
920 -21
382 33
390 88
541 -93
-780 68
-681 4
540 -2
181 15
693 35
727 11
-595 -90
18 -58
-760 -87
-943 -11
535 58
773 -7
-420 22
-767 -53
147 68
687 -90
480 53
-851 100
277 -67
212 73
-803 -77
-106 6
-124 16
-128 -35
675 -8
-317 5
-682 5
335 15
-717 19
553 49
-903 -73
966 34
-285 31
790 94
-220 69
-804 25
-544 -18
502 -23
75 89
835 64
641 73
489 -39
579 -4
-90 95
-729 -13
262 59
136 84
672 4
-198 -91
-640 74
-419 -91
640 -65
768 -78
924 66
-122 85
268 -19
-615 -81
-587 -22
-726 -52
-86 45
-874 -50
719 -73
-795 -84
-814 44
265 16
896 -39
-537 74
-938 94
-561 -94
480 37
723 85
-253 -26
507 3
21 12
630 -25
-819 -70
522 53
-522 12
807 42
521 -63
-352 68
971 -48
-425 -43
-222 41
29 -42
-111 -59
-908 32
882 19
903 11
811 31
-45 44
-530 67
-259 -68
196 -9
90 -69
598 -95
-173 50
-96 40
822 -23
-10 -51
-790 45
771 -48
891 -55
-337 32
-653 -100
170 67
889 11
-855 -42
-806 0
410 4
-287 30
711 -71
-557 2
393 68
105 -5
323 92
-920 -58
-900 -44
-126 -35
149 75
413 49
-584 -58
208 -7
927 -11
551 23
142 -88
928 79
440 -5
-717 -24
874 -82
-809 -36
-442 -2
530 -95
-607 79
-292 -17
-470 -8
452 53
722 17
60 91
-50 53
-74 33
821 -59
239 -98
697 94
446 -62
-173 -29
-214 -46
460 37
-222 -7
275 -64
215 -8
-493 32
-789 -29
779 -80
643 54
-749 -87
157 10
560 77
-333 85
-881 -9
-115 -64
-167 0
-993 -98
-887 -22
645 32
549 -35
-420 35
763 -73
241 -64
-3 44
-345 68
437 56
-750 -15
979 47
395 48
-493 -22
351 86
-45 -75
-508 30
-880 65
-150 -58
-593 53
407 -53
916 -64
835 12
434 20
-251 -90
685 -53
784 -87
684 47
516 61
-66 -5
762 86
837 -61
626 -36
-724 78
875 85
424 -73
631 33
232 -78
-371 66
137 77
327 94
149 63
67 96
-458 -42
240 -71
-170 -77
-710 97
-62 62
-651 -14
920 82
977 41
382 39
654 24
739 90
-357 -54
-694 -79
288 -23
497 41
12 31
966 64
-827 69
-893 45
3 -50
583 47
735 95
476 14
37 -28
804 39
-195 -100
-668 25
-418 90
825 -15
903 78
139 7
284 10
334 -62
734 -38
463 -39
-581 -25
392 -28
468 49
-708 -18
-794 9
-539 -83
522 -73
881 -20
-210 24
999 16
-650 -71
-23 43
988 -38
-3 29
926 12
177 -9
785 -23
-196 -1
583 -81
472 -84
-443 91
973 27
-952 37
184 -73
-501 4
-952 73
-566 -63
-821 92
-402 -83
-765 -12
199 74
-582 79
-599 99
777 -24
599 -77
-730 1
947 -40
588 73
462 -79
119 -98
712 -72
856 -53
359 69
275 -22
725 46
495 -51
224 -85
976 99
715 19
-403 -30
973 -74
546 -40
914 -99
62 79
714 -30
691 72
713 -10
-546 60
877 -77
-499 12
851 89
195 -98
693 62
395 -70
-876 -8
475 -80
-848 -80
-354 22
268 18
660 -32
417 95
-164 15
37 -78
832 34
355 74
-253 -84
-578 89
925 -8
-717 -7
-409 67
172 59
-386 -57
280 27
816 57
725 -57
403 22
-660 -25
160 50
645 -38
565 -54
567 -57
364 17
-20 40
122 50
185 84
-64 -36
669 -65
885 -39
679 -46
-777 -100
-479 71
-932 -85
-806 77
-990 -5
248 25
-40 59
357 -87
83 22
-343 -46
99 -33
-756 11
-493 -82
517 -27
367 -61
129 54
-543 -70
-433 -39
465 -63
-921 -72
316 -46
875 30
550 -49
-561 59
616 88
-753 -75
-251 -12
-183 -1
419 -79
-355 64
133 96
-885 87
182 88
109 56
-632 46
646 6
150 -71
-380 -11
-512 53
871 37
-527 -76
-997 29
805 -4
369 32
-412 -65
-840 -22
-713 99
-767 -14
-59 17
833 -12
-96 31
-956 30
635 77
782 9
380 47
624 -25
-739 32
-593 87
-884 -36
753 -50
562 -51
-557 -46
-464 88
230 -54
-611 23
-269 -49
734 -42
-389 14
-826 -88
568 -10
-580 -76
846 -80
-235 -74
753 -51
-760 -34
903 -89
732 -62
-250 6
91 2
940 32
595 -9
167 -64
208 46
50 68
-699 -81
765 47
666 32
-78 77
-238 44
-272 -96
-773 -56
570 -32
-600 -50
-980 53
951 55
70 -16
204 30
721 76
-895 -16
-694 3
25 88
-381 84
-154 87
-788 27
415 60
476 4
-361 69
324 -32
-286 85
900 -93
972 -44
-366 -41
797 11
-596 58
432 61
82 88
-587 -75
-962 15
-719 74
-404 3
166 51
-350 11
989 71
289 -94
-201 -11
940 12
624 -93
-347 -71
-505 63
835 -54
377 -31
434 76
-686 -88
-546 -63
980 41
-192 -54
-754 51
208 -34
-582 -35
-600 84
-744 33
262 38
-606 79
-312 -95
879 97
105 -92
690 -26
356 59
822 14
-716 -33
508 19
-259 89
354 -9
-192 -7
654 53
-285 -36
-39 -25
-767 74
988 -71
-949 34
251 67
-606 84
-471 -98
-727 -31
820 -95
210 80
133 -22
-926 -39
-165 98
709 57
-188 -30
-391 42
850 49
430 73
-785 -49
-269 -99
-156 37
-758 -72
821 -95
427 81
-650 -56
-599 -12
167 33
-401 -68
-728 24
-410 -63
796 -2
-316 -46
-833 49
403 0
-730 -91
-398 -62
-384 -53
-376 -63
504 61
510 -36
298 79
-355 -15
-664 73
524 -95
-387 -95
219 -34
-186 -35
-391 -40
270 -66
692 -21
871 81
-66 73
342 21
715 0
840 49
-356 -76
603 49
-423 59
574 -48
-347 32
33 -39
598 74
-488 100
-818 -11
-882 9
-813 -8
-785 -1
-447 -70
-773 -79
348 81
-799 2
171 81
427 18
-594 -13
-393 5
177 -37
-448 -37
210 -36
128 -67
344 61
-442 -77
362 48
444 99
-307 -22
35 13
287 9
-808 92
-161 23
-764 -72
-931 -97
-501 -27
-33 53
198 -55
747 58
247 -49
313 -9
7 28
444 -21
269 -84
582 -10
307 16
298 51
-876 -72
117 -91
-673 8
889 13
-133 42
-754 52
645 -8
475 -100
-821 -40
721 24
154 70
-779 -36
-199 -25
738 -95
644 -55
13 44
-72 -61
316 -25
-48 -67
-710 -57
796 -70
-747 -49
616 -29
-640 73
-728 4
594 47
831 -40
416 76
-810 71
561 99
922 34
-273 -80
-188 79
306 87
878 10
-997 19
-470 -21
326 -69
163 -19
-627 98
-377 1
464 22
360 -30
-264 -92
-845 -5
-647 13
-50 -49
-682 -54
212 59
-563 85
-996 62
-101 38
934 96
993 23
435 80
146 17
515 73
191 -32
-118 27
255 76
-862 9
-710 94
-448 -59
452 -5
856 -38
-901 -77
-556 -66
-184 26
446 -63
-966 38
-936 -37
-520 81
547 -7
945 42
-693 -77
167 65
492 -38
-195 51
-317 -61
-1 61
-849 67
529 -13
368 4
-737 93
-344 -33
639 -39
-945 -96
76 -89
-852 -62
662 -90
118 -42
370 -12
-49 14
-172 -1
424 50
-994 7
279 19
-848 -74
416 48
-624 -34
124 -56
928 19
-596 15
-698 65
861 81
-4 -18
-897 84
473 71
-307 52
-670 -89
222 18
160 80
986 -68
234 -49
170 31
-389 31
323 67
699 -28
-179 -54
686 -20
919 71
-974 100
-405 91
-484 72
-508 18
-68 -43
-20 -57
708 76
-619 16
-146 87
-31 62
336 -8
-80 -15
-724 74
-676 -42
-965 -39
-982 -72
-486 77
-590 -1
435 59
402 -90
-30 91
464 82
-673 54
-353 -28
872 72
-302 96
-786 -13
582 -80
165 -20
-511 -78
-836 -53
-113 28
318 -66
217 62
-456 -69
671 41
387 41
51 -36
-654 36
721 -99
559 58
811 46
-252 -18
394 80
401 -14
-411 -74
-182 -61
-764 50
846 -81
-131 89
310 58
-737 -84
-723 -66
159 -60
587 -16
-488 63
474 98
-446 30
-163 73
461 79
-861 28
-453 54
-318 20
276 89
584 -53
-153 21
-819 -27
668 31
-70 -100
-326 55
-121 -29
181 -71
475 -100
-375 -12
246 25
780 -26
665 -52
-272 39
-583 -76
842 -93
90 -86
-144 0
-342 71
-232 -61
-89 -8
839 17
572 -61
-751 0
167 16
627 73
-570 98
-45 -4
-101 97
-257 12
-939 25
904 -39
-568 97
-398 35
610 57
9 92
-926 -68
54 -25
-399 -95
-494 4
-785 10
966 -98
295 56
611 -40
5 -69
465 -80
-928 -27
-241 6
924 82
-979 62
-522 -15
-138 -65
-110 31
-461 62
248 17
-792 -45
-777 -39
-196 54
876 -97
321 -15
983 4
853 -54
531 -72
-363 57
710 -38
-189 -77
-501 41
564 -83
103 -85
-48 29
57 -16
-128 -63
754 35
94 0
-370 63
-991 -16
-315 24
-162 -85
-754 -71
-366 10
-514 94
-137 -76
985 33
916 -49
163 43
641 -55
915 74
251 -17
34 88
851 44
-281 12
-810 -47
234 64
-242 -42
-656 -75
16 -10
-510 32
126 15
-942 7
555 42
-613 30
-162 89
-671 -18
-464 -42
283 94
-110 -4
187 -18
-514 2
788 0
728 85
829 4
507 -27
-9 -76
875 30
-390 -3
-317 42
-141 22
965 -100
776 -18
-168 59
-750 -99
998 29
-483 -48
215 -52
835 83
435 30
362 -89
498 -41
-22 72
-405 56
738 -4
499 -97
-766 -84
908 -13
-55 -83
-825 35
895 76
734 28
102 58
-299 96
-254 100
474 54
428 8
742 44
550 -25
-242 -40
-620 45
582 74
438 -15
-791 -81
-107 33
263 30
533 -79
-505 96
-306 -89
-732 16
-647 -54
711 48
-928 -54
-69 -33
883 11
-615 86
888 54
49 85
891 55
426 23
90 -3
739 42
-291 -67
917 17
362 -35
527 -66
-178 -40
-441 -68
-598 79
-952 -85
-939 -28
-643 27
-668 74
176 -5
227 31
545 -86
23 -60
191 98
198 82
-519 -36
-493 -76
449 100
812 -15
430 -9
-249 -100
-336 2
-151 13
424 -7
575 18
740 -50
-887 84
105 87
811 -63
-983 -48
-506 20
67 -66
868 -85
263 72
-187 -22
-788 72
555 -41
845 6
-632 -55
-182 -29
-281 -12
114 23
-133 13
-55 -71
-578 -56
-473 97
-142 27
10 40
-959 -8
606 -51
-908 58
-673 26
-699 -76
-445 38
604 -36
900 -91
302 12
-19 -85
-893 -80
20 88
-979 19
-861 -96
247 -20
-554 -28
254 -69
421 -4
-225 -15
86 -98
969 50
-554 89
-425 38
510 68
-937 -35
52 -47
-307 -98
-93 63
-299 17
593 -21
-468 91
156 54
905 -32
593 72
370 -67
-223 97
-263 18
-441 62
-353 36
-614 -41
-792 -53
-310 84
-513 57
-807 -11
706 98
994 -97
-201 78
-549 -98
-377 9
-521 -73
-496 -61
950 6
801 -30
664 1
130 83
662 51
314 25
-248 98
218 -2
-259 60
393 68
-920 -31
-693 16
-674 -31
27 39
226 46
-448 77
824 -87
-492 -90
198 27
771 -70
-521 -79
-820 -57
-532 49
920 -93
690 -5
-285 18
-416 -30
626 15
456 -13
-602 95
349 65
-698 18
406 8
23 -91
-900 99
-343 -46
474 -45
618 -83
-603 -78
256 51
-576 22
401 -32
-818 -95
523 10
-784 -94
-823 89
681 -62
-665 -54
-952 61
510 86
498 1
-307 15
847 0
195 -2
-229 92
592 10
959 -21
432 -43
-934 -42
-379 -93
-817 48
301 63
-427 -32
-945 25
-265 -95
673 -100
92 -56
808 -13
-747 -20
-615 -81
-602 1
-811 89
-122 -9
362 13
-625 -14
912 18
287 70
-924 -35
254 -37
369 90
-297 -56
513 61
477 -93
-699 -99
-586 67
-245 -80
-847 -65
88 98
832 79
-210 -47
822 -87
-130 -96
-33 -18
-914 57
-848 -2
950 -45
-767 -30
-666 -41
32 82
-176 65
433 -85
263 75
862 -88
-536 -9
52 -72
-922 83
329 67
-720 -78
-950 60
262 75
-883 -47
856 83
-534 -17
-854 -21
680 -4
982 -1
-676 6
678 80
760 0
794 -30
6 2
17 -7
285 13
-625 -36
-169 41
51 35
-325 -88
-198 35
-640 91
685 55
800 -35
-901 19
642 15
-930 -60
471 -57
756 -91
762 -48
-122 -86
685 60
135 -67
375 88
-467 -21
511 -50
-854 -73
-81 23
-826 -72
413 -48
-2 -52
-557 -22
142 41
46 -13
631 -44
-257 69
-810 -6
-463 -55
7 66
-78 99
950 92
-285 -81
63 -62
267 19
54 93
398 75
341 -100
199 -16
769 -16
-576 -72
479 -3
-227 -90
924 -77
-195 29
-721 30
-295 87
-492 65
-365 11
-399 59
579 -82
659 -75
-769 -54
-992 91
911 -51
181 62
-425 -63
89 58
376 -32
36 21
-284 99
402 -93
650 75
-438 64
-714 -32
812 67
-757 -1
-103 -90
-680 -33
-189 29
-216 38
-933 38
-863 36
-177 80
-769 -21
-504 69
-238 -47
423 4
262 6
284 27
712 -85
-887 93
604 -18
-597 -54
-977 4
100 -79
38 -84
743 11
-874 -82
-885 77
17 7
630 -72
56 -44
778 -51
683 4
-142 -68
193 48
616 -39
205 65
-643 43
-748 30
-196 -33
906 97
749 36
-347 -7
-586 -17
-157 -4
953 63
644 48
56 -62
-945 -92
-795 95
655 7
897 23
-700 11
-418 -86
-672 -98
927 64
121 38
848 -30
8 59
-463 4
255 44
-617 21
105 -49
-457 61
-293 69
728 52
-753 87
-483 -44
895 48
-812 -80
44 -6
477 -65
121 22
-534 -99
48 -38
364 -4
-736 -2
-886 -74
834 -58
632 10
849 -83
20 20
-41 -84
-228 -7
929 -56
-54 -69
-780 28
517 8
684 26
-105 -42
573 72
406 -51
678 -91
-662 -52
132 7
564 42
-719 27
-317 -14
-78 -86
586 -88
623 -88
575 57
775 -50
6 -94
-294 31
-163 3
100 -2
72 -75
-816 17
-20 -100
-732 -7
-686 -10
516 -33
-143 -1
943 -93
794 -55
328 80
-881 -98
-523 93
163 -100
584 53
-229 18
-896 22
62 -9
761 11
880 -66
-742 -67
455 62
953 22
234 -29
484 -22
483 -57
-461 -40
-782 36
-944 21
233 96
-172 -31
439 96
-951 -48
678 -69
79 97
-614 -33
-497 -72
-402 -65
-369 -39
-532 -92
-421 4
-466 -30
848 -90
292 34
-556 35
-876 24
-927 73
-127 79
158 -89
-808 -16
457 -75
965 77
543 50
-267 31
688 3
680 59
680 -12
151 41
576 100
420 93
-487 -9
592 41
-441 -53
-846 -12
705 54
599 43
-183 16
380 18
736 6
-720 -59
290 36
174 -97
-523 80
159 -48
-93 21
-84 59
247 -73
-749 -1
-251 -57
-270 -55
987 24
382 89
334 -82
921 79
-773 23
-299 -93
326 -50
592 -19
-897 80
-908 42
505 14
-651 35
486 -74
-72 -32
-524 -42
758 96
364 -30
-974 95
-333 -37
570 -37
-468 70
-404 40
824 -28
154 83
-391 -48
877 87
-742 50
234 42
456 91
884 -17
591 68
471 85
511 71
759 -11
662 -45
403 97
-841 -13
-260 -59
-460 25
476 -57
-623 42
-803 -12
-79 -58
724 87
129 84
-513 91
907 0
860 29
559 7
-689 -1
547 -23
71 -96
56 -71
-162 -68
-453 15
457 4
647 32
-758 -68
-243 -7
-697 -25
-555 13
944 8
113 -59
400 23
-29 -78
-157 88
-460 91
-848 -17
167 -66
226 31
-220 54
231 -5
-397 -11
869 -54
630 -23
162 -22
-134 -35
-936 -49
-207 89
-709 66
272 34
434 60
-658 -69
-489 79
-728 25
676 97
370 73
125 53
-939 -97
135 94
-596 -38
727 -51
948 96
210 -25
-583 19
298 70
-64 22
-599 -49
999 -90
629 64
-487 -2
515 76
-464 -33
-933 -91
-862 -25
35 50
322 -97
186 -56
-503 76
5 -85
290 46
-223 70
234 0
810 -57
-990 -57
-162 -8
121 5
-320 -100
-662 -68
-468 -97
890 -87
276 41
441 -73
-598 -2
675 100
985 92
-461 -97
-729 -71
-742 -71
-826 13
-347 -65
-457 -24
-725 83
70 -83
-761 100
510 -45
335 -72
-574 38
684 5
179 -78
-674 89
713 -19
-174 74
839 32
290 -57
111 -14
388 25
-724 -16
-406 -25
-278 -8
-988 -61
909 85
681 60
-893 81
-66 1
392 54
294 32
802 -54
-804 -69
-180 48
-474 -92
-397 76
662 -72
-769 76
370 -4
-21 -37
403 13
991 -70
-635 -3
-650 22
-602 60
565 -57
-544 -53
-487 38
-682 41
-920 33
-400 1
-99 31
561 1
-837 32
39 -89
-163 43
439 32
797 39
-212 27
-572 -43
-269 -14
-533 -24
214 -19
2 -96
694 99
-629 82
-254 -17
-49 29
801 -79
-31 -62
36 18
736 -25
-14 -89
-439 -27
-583 -35
804 84
-647 -57
-189 91
159 -49
60 -33
33 60
-963 -95
-767 84
-368 -97
273 100
-513 -73
-195 33
698 7
539 -58
759 44
-161 4
823 -2
-281 -23
-933 70
-201 47
608 29
-333 -45
836 58
-96 -52
442 99
518 73
-363 -22
203 22
-140 -72
818 -46
662 -14
-88 -77
0 -65
792 -89
29 -64
819 -66
-937 -11
-676 49
-5 41
-129 55
-472 -99
459 81
-729 -31
-20 63
-968 -20
-680 -43
-250 -41
-235 0
866 -78
-933 -37
232 31
596 -41
197 85
-893 -98
-170 57
990 -78
-44 -11
-758 6
-83 -54
479 74
-7 -34
-206 -14
462 85
-486 -53
-921 -46
-839 -97
-944 77
-843 48
-52 9
-807 8
-320 -42
-736 58
-857 67
817 98
-903 95
374 8
-909 -33
194 -5
200 -38
283 -57
-763 -82
85 -31
618 -66
287 7
748 0
31 -76
645 11
306 -52
-954 58
-44 92
-757 94
-863 -11
639 -97
-690 -59
217 5
-570 75
-342 92
-775 -15
-681 -76
-214 34
-371 97
631 74
386 94
-213 -62
-446 -90
-935 -43
-731 55
683 14
-715 -71
33 -70
-699 -59
999 28
-777 57
769 -22
355 22
-384 -55
-872 77
-986 68
490 -51
-358 23
320 8
-75 -20
-568 -73
-544 -61
-157 -5
543 20
-293 -13
343 -13
-943 41
-563 53
653 22
25 -10
5 10
-886 97
-784 -98
-150 -58
313 39
677 -18
667 50
703 -13
-575 53
135 -3
452 43
-358 43
-82 -30
-752 37
316 -48
699 38
701 -25
667 -39
-781 36
210 46
-60 -15
330 1
502 -65
-716 -85
-252 -12
-930 50
-593 12
296 -62
-105 10
935 62
-786 -2
436 68
-421 -85
810 79
914 -95
51 68
652 -3
110 45
-821 20
-67 78
-981 54
-72 -7
-450 -98
243 77
184 30
-306 -84
440 -33
-437 47
763 59
-857 -36
-763 -74
722 79
-835 100
746 -13
-856 -6
-287 -67
-392 78
-551 -92
173 75
-449 36
604 -70
69 23
429 49
-841 15
782 -31
599 -92
-860 -65
-548 -96
438 93
-753 -61
-277 -22
585 -70
141 -15
-153 -65
-450 18
-736 15
547 -85
-48 -73
286 -51
963 46
672 56
414 -29
-116 91
-664 -100
-940 -47
128 -47
815 1
642 46
-517 85
238 -38
-516 55
555 52
701 93
-581 66
732 -11
605 -33
604 33
-203 -40
-948 13
461 13
-748 -7
297 28
433 50
658 -96
207 -34
580 -21
-164 -93
-921 68
62 12
332 -24
809 30
59 85
-695 -18
-400 46
48 -37
598 -2
-902 -66
-365 21
754 -72
471 51
180 -57
-923 33
473 -72
5 12
-745 -82
427 -50
705 -89
775 77
-814 14
-498 -63
320 51
178 54
969 69
307 -96
-263 37
2 -48
-700 76
-897 13
-587 -22
-74 -30
-50 -18
-318 -69
-555 -97
183 -90
-123 -91
221 12
138 -4
677 -34
744 -9
-955 -88
252 27
615 53
743 -68
831 74
-937 -82
-429 -16
660 -62
778 -28
527 -21
-280 -96
-472 17
25 -24
-540 -50
-81 12
272 27
-424 67
-33 -32
274 12
-38 82
-523 60
610 -20
488 -58
354 33
953 -15
533 71
-101 -38
848 -56
490 15
-959 -49
657 62
126 -66
189 75
-511 -35
-50 -40
452 -94
-721 18
675 66
-431 16
989 96
434 11
213 -70
-278 -17
-798 -80
-929 28
-319 59
342 85
-26 59
242 -96
776 24
643 23
-937 19
-372 98
-35 -25
-437 -18
766 -28
-688 8
202 50
-271 -5
-776 64
-873 91
-478 -68
954 6
773 22
-361 22
741 61
281 38
-319 -58
-284 31
741 76
-372 -52
-822 -19
231 59
672 -48
697 -64
-15 79
-852 -30
-36 -63
-372 32
873 -16
374 -79
-507 49
-518 -75
-118 50
-136 69
-945 73
-421 49
-187 74
-548 68
259 38
941 42
-42 83
-344 -90
130 -30
165 5
601 -46
-685 5
445 55
467 0
-195 -87
-483 -35
10 58
803 99
-721 -100
-511 -37
-774 1
631 21
614 42
74 -34
359 -88
477 62
-467 -51
-800 0
700 84
-814 -78
-39 -89
399 30
567 36
982 63
-68 -78
850 83
-6 97
51 -32
95 72
-563 87
-298 -28
36 29
612 -69
864 -64
-536 -45
-833 -92
812 -86
-701 -38
169 -78
688 8
498 64
454 23
-977 88
-102 -51
-810 -48
413 -12
-392 -88
-637 -88
-896 67
563 -3
642 47
312 73
318 -1
810 -34
-897 -86
741 70
258 16
415 29
533 -66
-735 -23
-490 88
490 -71
-963 -6
-420 12
557 19
643 -86
-641 81
773 -53
476 15
74 -8
-7 47
809 17
-978 -14
499 27
-490 93
-629 -99
184 -37
-407 -53
437 82
-676 40
-986 -68
563 51
-522 -37
706 -18
-183 18
96 27
877 7
948 -54
-946 28
471 -47
-868 26
761 -71
-583 -24
780 -50
381 32
-418 19
547 -96
-554 -92
-751 -47
890 77
-646 80
766 86
-453 92
500 36
-137 -24
967 -20
564 -58
-944 -74
688 -51
172 78
676 19
972 -68
-571 26
-350 90
-993 -94
-398 90
701 91
791 -62
895 -100
568 -41
-117 85
768 56
-307 14
-938 -92
766 25
597 33
-788 -41
253 -85
866 59
-96 -6
-122 96
81 49
945 34
75 19
969 -85
-971 -30
77 33
379 49
-581 100
-249 -34
-437 -34
152 -78
333 47
903 98
-643 95
-40 80
-381 -33
-138 18
405 -79
-248 -73
-785 19
495 10
464 -30
112 -41
-61 -48
91 -34
301 29
908 -91
629 13
-322 -85
237 20
-247 -46
956 -75
904 -67
542 -39
-967 -91
-69 -82
-239 -46
-606 100
-698 -36
-653 31
659 68
-730 -11
48 -68
-200 57
781 -77
276 -54
-552 23
397 -5
2 -42
-862 11
-238 -18
-872 -3
-749 72
-856 -8
508 -25
41 13
155 -43
-571 -84
241 -84
237 -15
885 -37
-305 39
353 -74
-368 29
489 -6
983 44
-140 -23
496 10
-462 -70
-604 -34
487 -2
-29 -72
925 -18
876 1
929 33
-932 89
-518 -44
-668 -49
241 -63
-134 -88
930 30
559 -51
938 23
-670 48
56 50
-31 25
-381 31
-24 -73
-737 88
456 24
-845 53
-586 -88
25 -68
797 71
-87 16
-470 81
-357 41
-829 64
855 82
340 54
-794 -50
997 75
-712 -47
94 -2
-411 -25
686 -96
-837 12
639 -81
-813 -68
996 21
-686 -99
-475 34
328 -40
-866 91
637 27
4 -38
744 -22
-398 98
-633 -75
413 11
414 -56
254 82
2 -88
295 -19
-37 67
795 7
492 53
-367 79
-170 -78
219 -69
550 88
-558 71
650 -68
-447 34
-386 -77
110 -64
223 -86
-260 36
384 94
-720 59
825 57
-352 94
-102 -49
-415 40
655 -25
844 60
-776 33
-719 -100
-542 -70
389 -68
-594 70
-677 85
-542 -9
30 31
-795 26
-984 -75
-825 29
-375 -3
75 89
324 -7
-568 -65
962 -31
-708 23
609 68
516 -86
-642 -3
987 -98
692 40
376 -53
-110 -78
-854 9
-718 -93
643 60
184 35
-702 62
315 -83
389 -22
35 -7
739 32
420 47
-686 62
-234 -9
-122 -75
939 -98
-783 52
123 76
505 25
321 80
294 -18
-811 7
284 23
-997 78
-41 -46
-553 57
512 74
-860 -39
-227 5
430 42
-410 -94
243 -3
-775 5
641 -17
471 83
345 -52
-91 -88
531 -2
-245 11
-870 95
-336 97
597 23
579 -35
815 0
-997 27
239 -6
-122 48
-317 95
789 97
-935 -13
468 -30
886 -95
-289 33
-387 -48
207 3
-526 84
56 16
784 87
803 64
-870 -9
-235 44
784 -80
-154 -80
-526 72
154 -90
411 81
-706 -6
464 33
-909 -36
483 42
-1 81
-277 -66
-871 51
-793 -5
760 16
443 -54
498 -74
373 96
-873 -86
-301 11
-707 42
383 42
496 52
-577 -10
30 -55
306 22
-21 -2
-71 -88
878 26
260 44
15 93
-35 -84
-334 99
13 -91
-222 -60
-324 31
988 94
-954 -17
111 -79
186 -100
577 -48
-823 57
-812 49
432 13
450 -98
-244 26
-203 -67
-114 -37
-849 39
710 -42
743 -84
42 8
824 -100
356 -40
523 -12
432 -73
890 -85
662 81
408 -76
-860 99
461 -61
-127 81
214 57
107 -13
169 38
-880 -42
-648 53
927 -60
-30 7
27 67
939 -32
-858 54
-19 13
517 -23
681 0
870 46
425 -29
-979 83
-824 -24
-177 -33
76 -28
-400 -10
822 27
751 -54
-212 40
628 -16
-753 -89
644 -81
-119 39
-983 60
240 -85
-332 10
938 28
573 -24
732 1
614 89
-306 68
-370 -24
-870 -78
-924 82
-34 -79
-943 -26
252 -70
-522 65
44 92
883 27
799 -49
-811 -86
-708 -28
706 -12
-248 76
-655 3
37 59
-825 45
254 41
709 -88
810 53
-909 16
510 -95
725 24
193 -2
508 -85
-67 56
-808 -31
286 76
-926 24
125 -56
79 -78
441 -34
-597 -5
-848 -2
539 -57
-797 -5
-205 13
-543 57
-474 -62
214 -92
-353 49
-904 -63
-406 48
-30 -99
71 42
657 17
193 -22
160 95
755 -84
24 92
133 46
-348 -23
-83 56
-423 97
-74 35
203 -78
344 60
931 -36
-416 88
274 -68
-393 24
-537 -27
-368 -65
230 -36
308 75
433 -82
126 64
-298 56
-170 -86
67 -6
-418 60
54 26
784 19
-806 -64
62 7
-415 -80
199 -88
812 45
-152 -82
720 49
-285 -46
882 -20
587 92
-21 6
-883 67
342 65
576 99
-939 96
459 44
-659 67
583 64
692 -10
-77 82
72 -67
-571 49
410 75
422 8
402 -63
956 -9
857 -98
499 -68
-730 -63
26 84
335 70
-757 -14
881 69
-335 -43
420 -45
-763 77
-179 -57
-667 -1
-624 -96
33 69
911 -17
144 -40
155 -18
349 -44
237 41
-221 92
653 -60
489 11
470 -78
-913 -45
893 -2
-978 84
115 -53
-464 -37
-520 -29
-618 59
-973 -4
771 86
-59 -90
338 22
-914 -68
-282 -29
-246 37
-921 61
-369 -64
-914 -59
112 -40
97 -25
919 25
729 55
132 68
19 -44
593 97
-98 -49
364 28
-181 72
304 -84
168 -91
-944 -72
-254 47
-301 -37
152 17
-586 -40
437 -42
874 42
805 44
703 -65
-8 -15
-920 -30
-764 38
-249 -46
-563 -72
254 -10
-180 28
-887 -20
-958 -50
-68 -36
986 97
-160 60
-335 86
-363 -9
467 93
-51 -40
-261 43
-810 3
-122 -92
-248 -50
-403 7
-919 22
803 -45
-418 5
286 30
489 -56
481 -53
795 31
-74 -96
-722 -28
-390 -50
-11 -45
-377 31
-889 21
-165 67
335 -23
-1 12
796 -82
477 -32
-680 20
-929 -25
-436 15
371 45
461 -61
-960 -31
633 -82
336 17
349 -31
482 -43
239 41
843 -29
313 80
-847 -88
376 -29
111 34
426 79
-766 34
-713 60
-365 61
363 17
21 -90
784 -63
-301 -53
-619 -36
-240 89
664 -9
836 33
-322 -99
-562 14
-56 -55
-731 -91
29 -61
532 29
-740 96
519 -47
-760 81
697 -65
-579 93
-962 14
-211 52
381 -55
799 -85
689 -39
-572 15
-691 63
-951 82
896 48
-156 28
322 -91
93 72
-791 -72
423 89
583 -88
-649 50
-387 80
889 97
-7 -52
845 -4
-711 9
-57 -100
545 -71
-863 70
-344 -20
955 89
725 1
-616 56
-161 14
575 -96
-305 -39
-47 -98
-213 30
-708 21
-418 -46
-357 -49
878 56
6 -24
-713 16
571 50
742 -91
-285 -56
-494 47
296 28
299 -78
-956 47
470 18
-694 50
-934 -63
571 -75
998 -86
840 -83
456 75
633 -62
-953 91
-571 -47
-386 -89
-356 1
301 -85
950 -97
70 -89
162 44
-111 -2
-978 -69
-85 58
-614 57
-25 94
733 51
532 99
-453 22
921 -72
-473 -16
-280 -28
-712 61
-745 11
-470 -86
195 57
17 62
232 50
152 -36
539 -50
-87 31
94 16
-684 84
-111 -9
376 -53
-179 72
945 -7
-252 18
753 36
-596 49
-300 -28
632 -16
61 49
493 -67
-259 -54
624 -72
10 47
-200 -64
503 18
-866 -16
657 81
-760 -78
-693 44
868 -13
-595 -5
-912 85
208 11
-964 -18
14 74
258 11
815 61
-395 9
263 -73
-337 63
-282 -40
132 30
-322 27
-278 -23
-956 -26
-389 87
-673 -33
854 99
963 -100
-223 69
-375 -46
-817 -37
480 75
905 15
-521 36
97 -77
995 -75
-679 -48
9 -8
-149 43
237 10
494 77
36 97
16 78
881 -86
-251 -79
903 -95
-569 24
-240 15
221 0
-489 88
987 -46
494 82
410 9
668 -100
-162 -2
701 25
-92 66
-577 -81
642 -65
-680 12
138 -84
-584 95
460 -36
194 95
627 10
404 -55
913 91
679 0
-718 -11
104 -93
272 -8
-575 -29
-885 -81
-442 -38
906 -66
-9 -53
-676 65
891 -90
446 -43
97 -71
417 12
-260 -11
94 76
362 29
-739 63
-440 67
-512 -82
208 -61
98 -98
956 70
-67 35
812 10
-273 12
97 95
-413 30
100 -45
332 25
-525 -64
-81 -61
-669 -26
-276 -17
621 25
-554 2
869 -21
918 76
460 45
109 -74
-192 47
-86 -84
315 20
103 -28
0 -69
-467 56
-132 -30
120 -32
-906 22
334 25
134 62
-900 -34
240 52
-587 50
481 -11
-736 50
191 45
559 -76
453 -27
955 -21
-740 93
-929 -43
945 62
-407 -38
-512 96
427 51
-552 -92
681 10
-351 76
542 3
-207 -6
-287 30
-408 4
-68 -55
-185 42
277 58
-590 -48
121 60
820 -32
-366 49
-862 -50
-396 77
194 49
-38 -36
491 -43
-536 5
-822 -68
-139 56
-839 40
-889 -44
263 -74
754 -84
-596 -95
961 0
416 -73
-807 8
423 59
330 100
-370 21
388 -90
54 -30
138 85
-490 63
121 25
943 -4
-430 85
-217 -40
368 -63
-251 90
718 6
408 78
652 -19
678 83
449 -88
-507 18
-351 -18
-846 -76
-891 6
418 -71
-912 -57
-726 16
673 -9
655 -68
-719 -43
-67 18
720 -83
447 -27
320 -16
263 -59
195 -98
-26 65
729 -7
-401 -15
-514 -68
780 33
380 -32
-59 -97
-262 -63
865 -35
-843 69
-254 -36
236 16
96 28
131 73
-177 -27
-384 59
-113 -91
-235 6
-230 68
502 13
-620 100
597 69
-167 -76
-64 -6
-466 -72
-816 16
-835 -70
-984 -81
-735 -78
300 66
-926 97
381 -18
-326 -80
889 5
-258 -2
880 -12
-708 -45
-886 70
42 -18
343 58
880 18
-965 71
546 -37
-318 -33
-948 -57
-245 -50
2 9
189 -17
110 -49
-871 -81
388 32
-774 -37
-768 -18
286 -67
394 -3
359 74
506 3
-827 69
138 82
911 75
-706 -16
-778 97
881 79
-175 90
-982 -8
394 25
77 22
335 98
271 3
-835 -50
-157 -77
489 -61
68 -62
-161 -9
388 40
249 -6
-98 9
74 -70
276 -20
-971 -19
-872 -99
-285 38
-154 -88
921 -78
-729 62
50 -66
181 52
199 71
233 89
7 33
79 95
-964 49
446 38
175 -59
-246 99
49 32
738 -66
501 40
-648 -79
-163 14
607 22
661 -37
-679 17
-323 -61
887 -52
-46 23
-702 18
-808 -33
-525 29
-255 -64
910 -79
606 33
404 22
-497 46
549 54
189 -60
304 -21
234 -11
-773 -90
397 -61
-564 -33
-192 -91
574 13
498 92
-855 36
889 35
536 -66
67 -52
853 74
-487 -91
593 -85
39 -73
390 -28
589 -78
996 -95
22 -28
672 -76
593 -14
261 -52
893 -62
972 -96
-433 -90
619 -96
-857 11
-967 49
187 -60
-854 37
618 -6
678 83
-471 -4
-574 68
-567 84
-82 -38
-182 15
-792 88
-412 83
822 -92
248 56
-967 94
-969 -7
-709 26
-334 11
-153 -15
-694 -24
-809 57
562 22
-256 -79
483 -73
-267 -68
172 63
-500 30
733 59
-651 63
-55 21
908 -51
-234 -18
4 8
474 86
-740 70
889 12
-697 -39
-479 6
838 -91
611 78
-408 34
-196 47
710 27
-577 -38
-453 37
-858 70
-561 -65
-297 -7
-89 -82
-796 17
-94 -34
707 -16
-250 -44
149 -17
-668 -63
428 -94
-132 -16
134 84
-281 35
-777 -91
355 -1
840 -48
432 97
-618 72
-544 19
766 10
731 -13
978 89
-40 -14
346 -77
37 -49
987 79
91 -55
-492 81
-364 -7
507 97
911 -10
-519 -50
-973 -12
-499 -52
-318 -31
-305 90
848 74
-401 60
508 -25
679 -23
-699 -82
-647 53
615 27
-106 -77
-493 -76
-79 -14
840 100
209 -22
-6 65
920 51
-833 16
-445 64
135 -47
-936 -94
419 27
-113 33
549 -44
-536 31
151 -11
507 54
648 62
746 77
285 -61
17 -51
281 -76
-409 -25
-860 -59
149 -13
548 -63
-561 38
843 82
-299 83
-466 80
-538 -64
-123 1
-372 79
330 45
888 -55
-241 63
-400 -46
-285 -67
-409 4
-59 15
-258 -79
891 -84
561 57
483 -17
575 -46
433 25
-579 53
-217 -85
555 -41
945 -37
578 -22
956 20
-750 -13
249 22
-947 49
903 89
521 96
-162 65
588 90
-384 -96
529 7
462 94
-830 -63
-528 72
-642 39
988 -89
-826 21
445 -10
910 -76
-507 4
505 -18
301 5
-158 57
484 72
-1 -9
-504 60
221 90
-68 -17
-353 -39
-384 70
-793 -12
957 47
648 -26
8 58
-228 -69
567 51
317 89
867 -84
-673 0
804 -67
-974 -70
966 29
588 9
-140 -79
710 1
128 21
-210 -50
-816 90
266 83
-481 -83
144 -81
-83 25
108 -9
864 -32
-201 8
284 -6
814 70
803 -63
798 -18
-724 -94
22 7
-842 1
805 13
385 100
439 14
830 81
370 14
686 -60
-707 -85
-798 -82
-696 -77
125 -90
518 -95
-551 19
194 70
-764 42
-374 38
524 -100
-273 -98
-856 38
-73 -85
185 67
-957 -64
-981 -74
-592 19
-559 64
-984 -8
-2 -46
-157 1
-842 -26
-457 71
-213 -49
-67 4
-325 87
-764 -39
-605 -28
606 -59
-846 -23
-715 23
-17 87
408 13
-237 -93
511 13
-981 51
-100 42
-86 11
-852 12
717 -49
-896 -39
-5 -99
-250 -39
-447 -52
-203 66
302 -19
559 -29
-902 76
705 55
659 68
-103 -74
-358 -68
-371 57
-761 83
86 -3
-540 -8
-81 29
420 -50
755 100
917 -65
977 -4
-880 -89
-803 -58
-582 63
935 -37
942 -63
325 90
637 91
83 48
108 -11
-662 -51
-387 45
551 -13
-98 92
43 55
249 29
-958 -70
1000 -86
840 -71
186 30
63 7
420 76
-252 37
984 -96
668 5
-331 38
-285 -69
-155 -9
630 52
352 85
612 25
491 -45
-287 -99
527 30
-683 73
-389 -16
-386 79
671 -21
932 69
-35 -8
775 -85
951 -55
-361 -89
658 -37
-495 -11
381 17
599 -38
547 16
572 -20
-506 -83
-421 9
534 -57
-595 93
300 -78
-710 20
-269 25
-408 38
-813 74
115 28
893 -88
-630 -9
-14 -26
269 7
-796 11
-237 -92
198 68
928 -100
-569 79
523 49
-263 -100
-518 85
458 46
387 -54
-370 -85
-788 -67
971 -56
-639 -41
161 -72
-761 71
727 -63
712 -45
-637 -24
166 54
613 15
-379 -23
-831 90
-135 34
129 94
-659 73
-674 -4
454 82
274 2
106 -61
310 -33
74 98
-679 50
397 -9
840 -65
-865 -14
553 -74
497 92
519 39
-184 73
-631 -64
234 -83
-135 16
548 67
-745 -21
-588 60
356 56
695 -93
174 -35
938 29
996 -73
818 -87
-900 -38
249 76
-825 -98
114 -21
545 -95
-220 69
419 79
-144 -1
-331 65
126 16
-519 -34
617 93
-770 46
-357 21
23 59
121 -62
-884 -59
826 -37
-878 -77
-243 42
-58 86
871 57
106 -24
322 89
854 85
101 80
-913 51
281 -83
154 -84
-204 -95
-75 28
982 -16
538 52
948 -25
-885 -4
29 6
877 -88
366 0
-939 -75
-61 84
791 28
-685 41
421 -10
-27 10
340 82
-148 19
359 -67
-763 -81
979 -39
33 -50
-952 -46
462 81
-677 41
-850 -79
624 -95
-544 -42
-204 26
-421 -97
218 -41
911 62
433 65
635 -5
-817 47
725 -44
-524 -4
830 -38
783 -16
885 -45
922 -50
476 39
872 -4
230 -7
625 2
936 87
-963 -16
297 -85
445 88
-983 -1
13 72
740 -52
341 -33
-859 99
-441 -11
241 15
-221 94
-4 -86
433 88
-10 35
-303 -82
-626 54
345 24
759 48
-704 60
-985 30
773 -100
32 46
-704 47
-650 23
-128 57
939 30
-274 14
111 -13
297 -58
308 -29
-153 -7
-697 -66
-159 -2
-612 -17
678 -73
143 -95
-604 90
177 -38
443 -78
-617 90
-485 31
-876 -65
-828 -57
987 19
215 -75
300 80
79 29
60 -90
391 -36
503 38
495 2
185 45
12 54
642 -52
437 -34
677 -91
72 81
51 18
188 -73
-636 -54
-688 -83
-785 -9
992 -43
-794 85
-536 -94
889 -33
536 -97
995 86
734 -9
-936 87
803 -17
442 65
586 23
-207 46
-874 52
176 32
831 -99
-86 -57
559 36
-434 3
-698 -99
872 -17
252 85
-830 14
373 2
-315 78
463 70
18 65
-108 -19
723 76
-968 57
-489 -46
-332 45
-195 63
410 63
330 91
243 46
814 -37
986 -96
286 -95
-200 26
-562 22
592 -50
-153 -99
882 -67
55 33
977 -21
-426 58
-172 32
448 9
655 -31
-28 -33
-605 -56
551 -30
-458 -83
-806 42
-14 85
-573 93
185 34
706 89
583 41
744 52
-24 22
138 17
-931 76
-359 -70
-128 -86
-296 46
-108 -45
-733 23
-387 12
4 -85
125 -15
-333 93
647 -86
-866 75
-46 -87
-459 35
-367 81
-973 20
561 62
692 74
65 -42
-864 7
188 97
869 -48
-397 19
455 70
44 38
555 48
647 76
565 37
467 -36
-109 -83
170 -43
-796 -29
-624 38
-714 76
871 -65
-324 82
-507 72
22 60
697 97
440 -7
-487 -94
-505 -15
811 11
-647 13
630 26
-919 36
