7777 14302
11463 11816
12590 13039
974 9225
6111 11565
15410 9923
5953 8410
4289 3397
8143 7939
9793 7499
7867 11892
14556 9954
13235 296
2555 6439
3786 5632
3324 10206
1702 6654
1399 8254
7590 12163
10680 6358
12206 4689
778 6747
11231 11954
12092 3470
8491 8206
12020 8642
5356 14233
11583 6992
7589 11785
10664 11518
6850 7640
630 5592
2056 15439
15538 2839
15177 12808
15289 791
12014 3847
14549 4296
445 13778
15171 2412
11129 2080
4700 13896
597 8996
5493 3977
482 4205
15698 15093
270 608
2740 13556
11503 12162
1790 1893
13543 11647
6103 8069
9840 2814
13657 12030
1182 7127
6530 13463
5962 14339
14203 446
14826 5618
2737 13317
15390 6819
1644 13551
11379 12362
10371 14001
7252 14324
2050 9193
8974 46
14338 772
160 15749
820 15900
3247 4956
5313 13226
12089 2630
1571 744
4416 7350
13046 5375
1860 4281
6292 9897
15322 12803
6689 15103
9075 2028
4359 15260
12845 14104
4370 3310
11187 4022
4410 2149
2796 8317
9964 2486
9344 14505
2315 14398
7556 12699
3316 7475
13368 1828
2316 280
3641 10477
10042 6805
690 9727
14905 9449
2076 14251
12067 2843
5712 10982
1784 3464
4967 9278
11749 10142
13870 1754
13619 2536
2214 11614
7807 4517
1090 9959
15009 7084
1755 10722
5340 12900
11873 4100
9196 992
10783 7653
7609 4901
8328 5275
5328 7323
13823 1718
9268 8877
14393 12445
6232 10660
8878 6677
8092 14349
933 347
5589 4734
12595 224
8857 4382
13464 8149
242 15680
13445 7793
6327 10051
13846 14661
793 9741
12481 10277
7687 3956
7678 13942
2126 3899
7676 7200
10333 6767
4491 14959
13762 1703
8951 1514
8624 12393
6081 8203
14577 15094
11375 2342
14930 10413
10848 3041
12857 2674
9863 14978
4003 9461
448 8946
9856 613
2266 6358
4309 281
2247 393
12606 1815
2770 12550
448 11533
7868 3805
9815 11021
13660 14560
1492 241
15176 14525
1176 1659
15330 2233
5094 3330
9832 10435
2011 11384
14283 8202
754 5550
10333 14383
7126 2241
11609 1474
5467 5640
3345 8828
1493 9431
5632 12504
13807 6517
10043 1347
15848 13247
7994 7146
9952 8531
6640 14405
146 7470
12180 3523
5989 3221
11590 13096
2537 3547
8341 15521
40 7424
5040 2634
8746 13335
607 1117
10420 12011
12192 15128
3911 10080
11044 1613
10582 4834
1608 13506
3357 7470
8587 1179
7600 6848
12595 12959
15723 8286
9379 11291
5578 1483
2787 11979
15843 11062
9522 10782
8762 7815
3711 3233
133 13166
2240 13588
14547 15361
1096 10749
13201 2910
15443 2192
2316 2161
4957 9040
1311 4787
9570 5824
3672 15721
1382 13760
9248 12753
3241 6911
1092 8634
9220 11506
15151 12014
11456 11198
1952 4429
4536 10079
2956 15833
14704 8622
9770 14669
13765 13474
3632 5915
2025 7458
3441 10330
13962 10009
2856 14945
10306 13072
2331 13666
6006 3729
14464 2522
349 10000
13265 51
13013 10090
11897 10689
5427 1161
5982 13021
15441 1621
8854 9027
12246 7890
13355 1038
9326 6329
170 1458
9430 5119
12898 9073
2051 5203
2786 11247
14370 93
7489 896
5978 12763
8796 1273
8331 2159
7746 825
5297 6084
4011 14326
7984 8559
5187 2953
2825 11516
7897 7367
7217 13730
12204 3754
8979 13413
12893 11208
207 3652
2195 10523
11161 13809
12081 15833
11786 10003
11447 6386
14478 9016
1925 2739
6115 10960
6671 6783
12018 2781
1456 15693
1924 8872
1100 13468
6952 9163
13560 6639
3709 8887
7405 6033
14654 1507
15636 8016
14054 15165
13687 8337
3867 4349
15009 7777
11911 316
13207 12015
7855 8431
12597 12304
9312 5064
13228 1076
15566 2684
6472 9803
637 8956
10538 9678
13882 1409
259 15937
10184 10382
6281 4176
11880 14405
5581 2373
3820 13857
15040 10315
3872 15096
10703 8425
10794 15541
15981 14416
15280 7314
6226 10535
2728 11842
13452 2566
7734 5770
10725 4218
1359 10642
14620 10724
6875 1034
15296 14250
2032 15234
3637 8765
1696 2895
11710 11937
5805 9322
165 667
12279 993
5743 10111
474 7028
14713 7653
13451 741
13465 8254
12988 13262
13605 3017
5273 4792
15651 611
6903 6661
10784 5434
7931 11394
7862 3758
10539 9303
14266 1614
6214 12862
1970 13033
3963 8539
5189 12086
13162 4868
13241 8818
7450 11331
6735 6650
1977 12703
3281 2094
2892 12721
7697 14069
15426 9431
10860 1410
8970 9262
551 5115
149 6185
5901 6575
15760 2641
4707 0
13113 15234
1447 9214
11978 12000
8871 11323
15390 4473
8210 14574
8657 3275
10840 7088
13983 10922
10855 13168
13605 1300
7114 3237
9259 5541
6968 15815
11559 11513
2992 3026
4209 2894
10082 13192
12053 11519
9740 15358
14812 14758
1802 15130
2027 1532
8234 5833
10818 6632
4131 5083
15861 13530
11184 15897
12467 2172
15521 1685
92 5715
7453 12305
2003 11736
1425 3591
10081 2710
13243 6975
14901 12
14009 13457
4752 6774
12147 8355
14647 4591
679 15733
2061 3890
2083 8035
13672 4516
8275 3937
7861 9320
2135 15930
8573 4854
12449 12263
3792 14981
10354 13001
506 12132
15987 15329
14936 4465
12935 6763
14101 11653
790 15556
6395 4810
14325 14036
6151 2892
7505 8271
191 7057
3733 15571
6894 14503
13242 13848
7793 4256
4767 8504
14476 8152
5783 1784
15183 9651
15455 12793
2781 10258
1446 3704
4259 7128
8297 3027
11580 216
14312 10267
10795 14656
7497 13880
5528 8420
11343 8157
4956 2051
5547 5601
8106 4611
14948 11644
9467 9017
2722 4537
8351 3
9655 12964
14668 3626
11606 5820
7745 6141
187 15021
2879 3622
3341 3290
15297 3196
4930 14036
3880 9608
15315 1071
11482 7986
2757 7651
7091 4595
12377 13636
9088 3894
7428 9074
6288 528
5509 4887
8810 14187
1701 15732
10143 12672
3784 12135
4424 12049
963 5320
13942 6774
12319 12143
11652 10795
11976 10282
15745 1323
3280 13155
6135 11477
9982 13545
13756 7347
999 12712
4568 11321
12762 5866
11432 10247
7864 3882
10750 6871
8881 6303
12977 2420
4162 10978
3591 12138
5057 13494
11255 6127
4481 4463
11299 11145
7636 13346
15537 9630
2827 3814
14529 14670
6280 12584
4494 15537
928 5911
2068 9154
12454 11985
15005 9160
6791 7024
6622 7319
6973 11490
6175 12512
894 10288
6721 2603
2679 2157
7785 5231
3312 7414
7894 8069
12785 1241
4675 10545
5014 13688
1639 6449
3245 9115
4106 6325
492 9449
9242 810
4284 9052
9936 7192
104 8357
5276 10481
791 11535
6650 11949
3933 2058
4183 330
10695 2469
5047 4860
14823 9622
15644 15314
15437 1188
3839 10786
4458 11395
7888 10829
8241 13405
8326 12654
10082 3460
15534 10674
3012 9374
6911 11022
7738 3984
4463 10920
2913 3395
9583 3055
15940 8644
14667 8982
8405 10075
12353 15325
9224 264
4135 14669
11982 3297
8091 3583
3735 2042
3967 4342
14115 8924
5101 15337
9162 12224
2192 2445
2929 9107
14344 884
5100 1941
7608 991
15310 5239
6402 13275
9258 1095
7103 7070
2005 1248
13744 6695
15646 2633
5213 13945
2460 14926
11727 9511
6465 12809
1475 11308
7718 13333
14222 8040
3508 4741
7978 1935
10635 117
3992 591
14660 4279
2474 3570
15638 9560
3355 11410
3846 13974
11392 13204
7770 15539
5380 7803
11229 2586
7501 3876
10666 14254
3011 9562
15921 6373
15910 5286
9775 12425
4308 14204
15300 11381
15188 5907
954 7767
2055 11166
262 7274
6768 4268
6013 2277
11142 8408
443 15841
6668 5012
13619 18
13263 8028
15664 14109
7653 15705
8220 9971
11168 1399
15015 9611
11138 12387
15137 2455
2035 2845
4249 5989
5085 13664
3553 11379
9307 10053
4925 2242
5507 14458
9260 9141
3052 5663
5673 15509
731 444
12907 7131
15170 5284
13777 9440
4237 15368
2843 12496
4486 10323
9813 11221
1598 7845
10249 14325
3381 33
5127 15659
4031 9511
1027 3393
13050 2553
6735 10538
10960 5626
9615 14505
5826 8204
8155 11651
1304 13534
15298 3750
12621 11212
5098 4444
5939 7114
12805 8245
12108 15662
15665 8365
15637 11812
4769 14163
9667 7911
10949 15880
3751 5203
12680 10256
13616 8772
1497 11949
771 3718
2187 2139
7172 928
2391 7283
2306 14197
3985 11492
6056 13583
5987 1396
2220 2816
6053 1108
6211 6918
9820 12374
15046 13277
7072 9231
3060 15368
2172 7440
855 14549
625 14531
12499 8557
924 1989
454 7575
3555 14071
13747 14095
1131 8819
15302 10188
14142 1741
2759 12022
3151 11190
14877 7815
12496 12886
7514 2436
8639 10559
7227 9315
4326 10300
6102 8992
7329 10338
5487 13762
4554 3542
10325 8566
13615 6948
11072 5675
485 8774
15466 15484
15952 11716
15794 14923
6162 10274
434 15001
11737 6543
1058 3716
5351 523
6665 13542
13043 12449
414 5057
1415 2940
2543 8399
8686 12863
5873 13269
9134 12009
4671 9675
15293 2636
15487 5465
14019 6573
8912 8402
15566 2028
3189 6846
10760 3038
2750 11297
13810 11784
11944 7857
3181 869
2542 11890
7971 12337
9900 9198
9753 12462
7653 4169
6711 1539
2020 801
1461 12634
10203 2613
13074 1034
13267 8767
5556 8838
80 12085
4238 14409
10742 2585
8161 2245
1379 4732
15200 2072
8082 10706
3659 13643
13373 15431
1574 6283
14143 11560
4437 5173
9659 864
14344 3266
5665 886
7980 4000
7285 324
13643 13306
7343 13644
8288 10625
11656 14130
5746 4615
12852 2876
15325 6715
11794 10076
12552 4007
6603 5874
12215 12425
4602 10400
14454 15728
11967 12858
3062 10829
2332 11962
14861 825
5180 12244
9718 183
5256 14517
3327 3106
7011 6687
7802 14659
5542 745
4898 15820
10535 13345
15621 1104
4979 7473
10374 11574
10536 12487
11013 4633
10569 13301
13031 6549
2628 1295
1594 15442
8410 8899
11378 11706
1104 8036
5430 4209
2645 5158
356 11708
4466 9315
994 12103
11809 9924
8626 4205
7575 12355
15992 3650
1785 5706
3888 10297
7459 5137
12969 10997
490 540
14192 1923
10569 2711
9152 4515
14898 15323
8532 9470
1113 15431
14311 8536
9357 4290
11228 13554
2500 7157
4392 5456
13881 2479
14409 7185
766 14402
410 13797
8301 5336
4459 1859
471 5613
14823 3619
12727 3972
8166 6065
9570 2753
14529 12061
9092 7653
14011 15720
10644 2185
1039 8433
15901 6762
2832 5453
14048 7774
12250 9035
8015 7857
13518 4826
10343 274
1882 14025
8446 15181
5215 9268
13885 9036
8107 2128
8846 8465
14192 11280
3744 5782
9720 9380
1851 9718
8337 10481
882 8443
4778 3546
3594 867
11767 15933
6615 14025
1874 461
3597 8713
11398 6893
961 11422
10103 1324
3858 630
9469 9944
10741 7945
1517 15535
5633 10487
10095 6792
1003 4261
15720 1212
10388 2614
2986 11101
2083 15972
1984 13014
13770 13456
752 14465
8266 5723
6337 13587
9071 14012
9631 4234
6105 15016
8241 4986
9850 5240
15118 6883
10780 14180
5527 6089
2259 6417
277 13762
15517 12532
15869 14921
5577 10927
15262 12368
2912 13861
11769 2925
11458 1404
1144 8324
8688 12653
363 7731
13577 9506
4563 11641
9249 4749
13931 2404
3442 13448
13784 7836
11694 15536
11009 7785
6111 14299
13116 11850
8320 15815
2172 12214
8428 3354
11304 3896
1249 9824
6758 14790
4124 6525
11105 14387
8669 7669
6169 15359
5689 11969
5130 10254
15075 227
15449 698
12895 2684
9719 9341
9503 3030
4210 10781
5765 15311
12225 12813
2655 2090
13724 11589
12383 11857
13774 6464
5158 1083
11201 1171
4341 5752
13447 14469
11592 8692
2804 9239
8365 14630
14042 12922
14765 6808
8975 8875
6824 8665
4989 1122
9994 14746
1908 14529
11887 6389
12155 9057
10181 2144
3927 591
15962 10317
12626 14715
1866 8224
1644 13354
12397 7717
2184 10918
5336 8748
8735 4344
3905 6896
2507 960
3304 15715
5334 2118
2783 8720
1610 10914
2065 8192
14872 13225
1083 5250
1481 7682
2231 10586
3937 15777
7414 14297
11915 3134
9140 15805
10198 15840
2733 10366
15805 12527
2105 4355
1798 6091
7271 3791
14854 11984
108 8802
5428 6983
3881 1279
12760 7181
1999 832
2493 9746
3123 14987
14782 4568
11002 9305
10048 7222
11070 9175
7174 9611
12587 4425
4142 7183
13692 11672
14893 13122
12930 6413
12179 9656
15871 2830
172 12419
12120 7133
7208 6148
12972 13627
5955 7841
9546 12410
6671 6551
8561 8430
195 3322
8050 6312
8347 181
10875 7568
13719 14445
7257 14425
7571 12644
13347 10985
4619 451
13813 4828
15817 4472
5699 11
7769 8541
10990 10325
2316 4061
895 148
6870 2803
8079 1885
9482 12774
4169 4658
5767 12861
3643 4355
6939 2411
5753 12805
8469 11469
1471 3514
3533 13966
2392 2832
8769 9003
13881 11228
11957 11296
4884 13780
10800 12058
8177 9384
9104 5521
1389 13508
3072 2015
3268 10285
8479 14294
12470 9266
7866 2838
10694 1703
2983 13036
14141 13751
12882 4427
6575 13548
7806 1412
9685 10189
8912 14207
8572 9252
2578 5391
10208 11666
15348 4169
12058 14666
905 3396
11921 2299
6603 9299
414 12811
15389 2466
11056 7502
13011 12672
9149 8136
169 11999
10314 2738
6188 13654
9227 12753
11400 14761
2483 7028
3791 7867
13691 3953
7113 7437
546 14349
5848 5159
2654 5532
10071 3010
10345 14839
13269 8221
11305 7661
11263 15512
14583 5683
1871 14273
696 10181
15191 11337
3264 9158
7547 7105
1595 386
14473 1796
13654 7849
2371 10381
6938 11919
10647 3107
79 9559
13974 15726
2673 12842
14277 14472
14914 7568
11665 15840
6472 672
14527 3864
2402 13701
11717 11294
12528 1285
5899 14933
10993 11454
4852 6379
5248 4253
1370 4588
2397 15605
5529 752
7674 3565
13540 11211
11537 13659
4657 11935
15167 10638
361 4868
9741 11959
14127 7554
10892 8886
9394 4569
3898 14461
13560 14999
9116 1986
978 9672
12902 5241
4211 1390
4976 9999
8104 8962
8068 5445
3842 924
5515 11600
420 3815
14535 4989
2208 7509
5194 9017
6989 5073
12025 10537
258 4306
14958 13373
580 14751
14958 9680
10134 885
9727 7388
4114 2659
15261 5235
2676 3314
13332 4155
4476 5785
6755 12102
2225 9842
13502 6116
7792 12539
8668 7739
15462 8824
4662 11872
10371 8329
9257 11811
13380 10117
14621 5447
9877 11524
12213 5759
14009 8449
3061 5607
13356 8159
8907 7174
15391 10443
6352 6708
10637 3614
8201 6354
8792 14356
9588 14592
5873 11022
7436 14336
1426 4164
2413 11203
11834 14653
9585 12749
497 14916
14920 8039
15010 1968
4795 11265
8769 10008
4671 6030
14919 15176
13765 6900
8078 6568
3501 2714
3275 2050
3407 5570
2089 1930
2192 8372
15033 345
12866 1361
7757 12339
3241 11322
523 4229
14157 802
7376 1750
15258 11268
11389 9401
4801 8165
13710 6046
13097 12726
3902 14406
4095 488
8650 10694
3025 2716
7759 3880
14833 6898
8777 10522
991 5113
11541 6210
7951 817
11804 12036
14992 14804
12651 12223
3004 6188
12840 13612
1934 6923
7415 13566
215 15049
12737 1325
13224 6609
1458 4168
6297 4910
5712 1778
3046 7916
2436 13318
3040 6591
1925 4988
13055 5871
5310 15091
9132 627
10697 3744
5533 4094
9747 10154
14760 2834
4356 2708
14016 8267
10849 3494
15965 1413
10324 4622
2843 1923
7824 4995
2155 2007
4487 5795
11431 6258
1999 14489
8906 5607
9705 12513
14318 8897
11324 13796
6234 12091
9578 10761
7970 9006
716 11811
4931 11179
4637 13369
7068 10162
11963 5886
3188 9949
11434 6601
9687 13250
5602 3818
482 8578
5861 13165
14967 2507
9316 8192
11107 803
2587 9731
3211 15950
856 10884
378 5344
1718 5283
4997 15608
4451 10097
15759 14259
13492 14225
9669 15962
4112 5822
15084 12152
4828 7654
5326 5844
145 10082
3036 359
7992 4653
5576 12995
35 13608
13643 4316
7506 2747
11728 3061
11559 5691
13834 2206
12433 7494
12682 7959
14737 3609
13977 5545
6208 5191
8338 8368
14176 3429
15675 8628
15146 9383
4430 661
8797 10273
14463 15556
6628 14882
8319 1727
9388 9656
13924 4119
1452 7881
14450 11217
10624 9087
12116 10265
14998 13095
815 1829
1760 4971
12677 15741
5794 782
3908 4593
7560 9090
3636 11813
5829 12434
12141 14442
10957 4292
13532 11537
15949 13790
10465 12602
2247 15622
13545 169
957 3517
2954 13489
10823 15874
15584 13848
9016 7835
8496 4544
3397 6772
5751 4512
13913 655
5189 11774
6277 13159
11060 666
9201 7540
1013 4603
7972 9302
10665 6460
7076 14534
3098 6323
12442 329
5867 14769
1528 8372
3985 15587
11375 15250
2064 869
12713 9257
7212 9986
8807 7151
7872 9010
10442 8123
2038 13952
3430 6585
3183 7536
5402 8565
14995 8819
5881 9036
3352 7891
10318 6600
776 4758
14463 8467
8405 12655
1759 2412
4949 15604
13244 3455
5312 9407
2723 11107
12210 8205
9317 13604
15014 1669
388 4959
8383 297
14459 5404
7599 15857
10688 11897
10900 2367
3852 1051
4378 2922
9782 7566
15981 12843
13542 3535
14813 5146
11783 5422
7721 15639
8475 3846
9153 3197
138 9867
946 9649
15722 15447
14216 14582
7212 6346
939 4051
12891 2993
6780 8073
14864 3096
1518 4386
15638 3717
10844 4629
9649 6942
119 15462
12694 6526
14693 14249
5094 8898
13575 5341
15642 13270
2102 8642
9060 10357
8142 1952
501 10729
11888 8773
14623 2114
5060 8225
9086 9422
14304 13342
196 5824
15898 8256
4654 6063
4468 3028
7925 10816
14640 7346
4535 1295
8950 10199
6226 6063
7945 176
7195 4892
2864 2314
3688 7419
8894 6668
8127 13251
921 13217
430 7439
8899 10542
15040 3112
4424 2450
4130 2395
7816 7902
5444 14207
1569 14360
1967 12850
10626 9273
12822 8022
11126 10331
10601 5291
10706 13326
4372 11760
2904 13415
2354 2487
168 893
5315 11820
3891 801
11744 9074
10601 9966
7109 3551
13729 15046
5387 4456
7592 11493
3281 6529
8336 9036
13356 12980
5693 15630
1702 13586
4576 9883
3575 7020
3747 9991
1887 15006
12433 7579
10451 15915
15763 4388
13454 14703
167 1482
6397 6031
13590 1291
2298 14310
12248 1551
2537 3584
8117 603
6938 13464
8822 12334
12681 12239
11456 10358
4572 985
8624 5786
8573 9791
7539 9143
340 6683
2068 2351
4174 7305
8829 7473
4146 7113
7666 5445
13153 10153
10267 8765
12423 12793
6239 13406
2742 8542
3821 14621
2291 5089
6120 9085
6618 15138
1215 13546
12851 12645
8984 1739
4174 499
10678 14446
320 2911
7262 5382
5933 4807
11541 8403
5510 8281
12066 10792
11625 13876
10415 8821
2657 3133
3087 3372
550 3689
12128 11406
8717 14192
2618 11420
6273 5246
4779 11459
14822 3384
7383 6671
4353 227
14344 5799
5866 3228
2362 8541
7548 8391
289 3027
3891 2326
4635 5168
8297 2256
1500 14182
5743 902
14048 6709
10435 9871
945 1964
15809 12340
5701 30
6701 11831
13991 4794
3191 10763
9043 6910
11213 11434
6366 1522
11207 440
15879 6237
7949 8255
3824 11574
13188 13211
2937 7418
11872 13464
5038 1378
743 13031
5700 10739
1665 5909
5719 3162
14858 1714
15440 10032
10373 329
725 10425
2290 2958
7061 14966
7815 14690
14117 4727
2735 2780
15055 14377
6695 15507
419 2353
1590 9680
12335 9838
6017 1448
8010 13948
3123 6121
4784 4939
13279 9963
12196 4017
18 6159
7499 8485
9866 11612
9302 1443
11177 12053
3406 10617
6340 11610
1995 9554
15657 9973
5935 3600
11330 11394
2600 9912
15165 7727
10422 6384
14343 1325
2832 1915
6312 11991
13640 13057
3885 8222
15415 909
13605 13861
7174 11347
13580 13315
5777 13141
7820 7094
4221 3756
3113 1585
10540 7237
2561 795
8261 242
14622 8202
15550 15229
770 2601
4171 1314
8341 4859
9702 5950
2218 4032
13548 2967
4107 3293
7086 6619
13854 4982
2316 11627
15523 10273
7075 14176
13720 15209
377 5412
6881 7169
9241 1935
6264 10589
14272 12338
8370 1393
799 2665
8360 14036
10774 15753
14179 7142
13810 11735
235 5875
11695 12323
15708 14406
15373 11035
3143 4783
10505 2410
4274 993
12255 4365
465 1076
14195 7332
10533 70
12852 15062
3056 7275
10875 15909
1169 14160
10959 13562
8173 4815
10789 762
6097 5084
13003 12084
6504 7545
13064 5323
15439 2341
10802 720
1292 6473
8380 10564
3871 3605
2970 10142
8374 9052
1062 10625
4777 1159
13904 4160
10599 12420
4989 5510
5933 7199
1538 3972
9597 1022
10828 843
13682 8222
13564 1824
7705 5498
13396 6598
6587 10106
4301 15762
15746 1106
5222 11037
2977 12777
6609 7750
780 9655
4135 6204
6040 638
4952 12342
526 804
2476 3822
13608 9698
12020 13001
11504 5391
10072 11939
2791 8008
1302 414
7546 15019
4387 8287
3563 12119
8915 3734
3696 6254
7499 3702
10079 15611
3824 4392
14446 11025
2273 15472
10950 1256
11505 10613
13051 2606
441 10251
3586 5495
9967 11741
7485 7608
9412 7111
7520 15623
12470 12600
882 13464
10004 7271
9732 10893
9553 8104
14559 8708
13816 9654
11132 8962
12102 987
4406 5242
8798 7741
2328 1217
7553 14588
13100 321
410 1845
4423 15713
5556 10907
8703 6943
5677 7323
12564 10525
11237 13367
1667 7054
5852 3078
6003 3720
3187 4251
4037 6990
4555 3031
12623 8013
3743 8150
15996 405
8033 10776
6401 1829
699 9515
3216 4713
15310 6083
2606 2087
15208 14556
8704 8013
123 752
11506 4954
3729 14553
6653 7663
4098 4478
2643 1748
3037 14464
5974 14076
8557 15517
10038 9037
9907 5496
15596 2763
4236 9421
8481 13827
7495 736
302 10171
12549 3005
9709 1602
14081 14401
15175 12106
6845 14736
6690 5191
8347 3133
600 633
13754 15455
11742 14273
15693 10397
4698 4045
14883 2568
6850 12274
3656 4173
3527 15893
4762 4927
5771 14694
12193 13857
2755 4052
153 1758
12739 7704
11958 14697
13439 8737
8651 14192
1920 10973
13289 6262
3384 7251
7107 9628
10778 10904
11992 1317
10123 3652
11733 4961
4661 10150
2291 3002
6107 3120
12941 14630
2326 836
3387 8404
2251 10456
14020 3557
3188 13696
503 571
3031 8024
1390 2459
12505 10153
15108 3376
8372 9297
5208 14215
7436 11916
3532 3288
6073 7369
212 12591
15716 14310
3306 4992
14175 1941
12963 13254
2300 6538
11341 6120
12434 12302
2051 6822
6874 10887
8446 4500
2603 14346
6384 11538
14849 15674
8646 7772
3588 7947
8874 1144
2909 13548
15977 4320
14122 13531
10915 3541
12513 9373
8029 15607
15073 8559
13962 4690
13224 10188
8119 7236
13946 10314
15115 9191
15271 12410
3303 3495
6190 13964
1758 3441
6179 7569
15020 505
5793 13193
14026 690
14133 6123
11374 1749
2796 7092
14495 3738
4090 5689
3853 5734
13884 9028
2921 5228
6010 11354
14353 7305
13921 3122
3615 3287
2569 6145
15242 5687
5751 6225
4652 11791
576 4367
5520 6635
1449 1927
1917 9790
3490 10900
8673 13901
6370 8268
7082 1856
14422 4475
4732 8987
9786 11965
2056 5946
15451 3425
10300 7714
1171 15750
10501 147
8559 3995
1667 3049
8310 10594
5769 6151
15513 4770
12128 14368
15145 15701
14459 2064
11921 3678
12908 7193
11010 13134
2202 3978
2335 7368
7821 3683
1660 6981
14148 5667
6351 5252
6718 2421
15922 540
10936 10743
12671 6235
4649 11032
2904 13015
9454 12373
6804 10408
11313 497
15047 3195
6482 13808
232 3507
14343 1254
5502 8326
12477 6536
10115 10406
11437 8434
1856 6716
9126 13171
2231 5066
386 11280
13374 2677
4469 6354
4590 15578
11642 13530
15122 2369
6961 1124
6117 15211
1812 1523
13086 14666
7154 9887
15028 1928
279 12027
7087 8483
10605 9538
2141 5014
7043 14889
5750 15265
1743 542
14971 8448
10760 8153
12401 13354
8493 13512
2745 4641
14280 13215
4871 4081
3249 6600
4621 6121
3274 5371
5814 7310
15974 11099
7815 2315
6042 7684
7246 3222
9876 6855
5484 13834
1811 14883
5670 11359
9657 10394
14953 11875
5327 11593
4812 1885
5073 14799
363 418
12232 2118
8116 9737
3980 11280
9806 15620
15580 2851
9834 1201
7828 7976
4433 5210
614 3078
7824 8470
7780 15711
8520 12756
5269 3632
6423 6007
13344 14264
14650 3409
13705 10883
8152 15419
2798 3661
15413 857
13333 7718
5071 15611
14261 15037
5528 6397
964 192
15560 9498
8582 12280
9159 11370
5141 8308
5087 3299
8228 4630
2089 11933
4901 13397
5136 5620
15062 13202
1713 15444
681 10889
10462 1430
7750 12863
15867 9980
14882 10352
5716 14993
14265 6494
6156 453
8611 15360
15461 12472
14636 6438
2000 8844
1167 12446
11738 10435
15357 15310
11338 10084
14077 15347
10583 15745
12331 6860
13542 14011
12711 14829
11295 10190
2336 7772
12677 3925
6800 7522
11851 3291
12971 754
11892 792
4128 7937
9778 3806
11467 7818
4771 5076
7073 15331
5931 14681
5371 8519
865 12182
14109 4805
8357 9905
8415 804
4135 8339
9918 3560
903 9565
12554 14856
9681 3412
10697 9268
10668 4354
4645 15428
12154 13296
11082 3969
8729 5699
5763 5695
9219 4000
1276 5751
3188 14547
8339 9261
15509 11475
12349 11048
14739 13448
1642 11386
3245 10111
14984 2084
13378 11018
13939 8510
12984 3141
15135 14580
1726 2640
5589 12978
10251 13629
6642 6153
10290 7614
14934 829
1943 9840
7192 3725
14092 13681
7179 13989
13002 3303
2815 12856
7504 14619
10764 13285
11565 8302
3832 12256
8554 11762
9847 13219
9057 571
12381 15375
11173 14812
10956 11387
8163 13687
7942 1668
5431 13155
9735 13523
1872 15144
1291 6112
2319 8535
9924 7482
15582 5270
6944 2566
8249 7517
14589 14805
9648 9002
7245 14265
4101 15950
13570 7483
985 7602
14779 6687
13930 7879
13681 11497
14205 26
6141 7017
1781 8359
6369 12725
7757 10073
13209 2364
4562 12329
11451 15195
7263 12550
5865 12717
6506 15291
1271 12993
5214 5082
9229 10417
12436 14746
10807 3506
12997 4675
2034 9140
4549 8557
1498 6353
2396 4357
15005 3601
3944 9386
10335 8128
3140 10337
3805 11437
10053 15468
15693 11838
9242 14415
15195 8243
15064 3778
8002 1645
15200 15559
5803 14017
6667 7924
15449 937
5411 3578
8023 1263
8224 11364
9112 1566
4364 7000
3912 15116
12622 5064
13559 5535
10278 52
9310 4032
1073 10507
3035 1545
11815 472
5311 1382
14482 8432
9001 1178
5978 14322
634 1197
5206 1341
15015 13613
8669 11237
13755 11636
4284 2050
9654 1809
3919 14506
5351 9890
6388 8945
15338 2696
2098 3806
2864 9353
15139 9327
5284 13672
8182 7663
1141 5029
1822 11691
15652 8268
15313 4891
3089 7601
6676 829
14303 1792
525 8547
14373 7438
13991 3397
13597 2244
15829 10648
1579 11225
1598 15665
14340 14005
4436 417
13989 4314
7810 3916
7557 9564
3138 1047
4425 7662
3073 10492
12050 9592
6165 1950
5915 2135
12704 5691
5138 2272
149 11624
474 4426
9944 4684
10205 14099
11863 4342
15606 12873
5912 2115
7550 424
12676 5210
12154 15825
14754 5270
12082 11482
12359 5868
14031 3154
11209 1605
15066 7505
4034 3480
11547 9516
10855 8092
13725 3144
6266 13834
563 13363
9634 908
15835 6579
8772 11098
440 13641
12262 1064
3976 13651
3219 7253
14515 12681
550 11302
8792 10680
9281 7806
15151 6251
14614 4953
5968 3647
1970 8682
9536 417
5254 13783
8923 7859
5900 1343
2436 7149
10324 12492
666 13337
12805 1738
466 6234
14389 8845
13178 15491
14268 8138
1235 3663
1599 9259
11781 9513
8343 4385
7349 13581
14663 13813
273 11664
1879 2414
7069 14202
9371 2662
7549 12832
6940 13574
14276 10146
3671 13930
11723 5768
8412 15514
10786 6484
785 13669
14976 10953
8531 1615
14139 11216
3094 13625
10402 7339
7128 148
11169 1591
4361 13477
9914 12387
2993 2220
5274 15728
2398 9382
14029 15503
278 15055
10563 5616
5457 13729
928 13214
2626 9663
15754 11261
4119 8548
2298 10406
4141 15054
14565 2161
7148 432
14342 8309
3224 12110
13256 1590
4392 5002
35 2708
14164 13532
9947 4831
6518 6481
9037 4304
1319 362
14880 11963
302 1290
2688 5595
10584 2611
9627 11111
1023 12271
5987 15712
4136 6300
15789 5119
5628 9466
7042 8384
11584 11643
15642 5781
850 4588
15907 9936
9993 8072
6258 120
14897 8819
8941 4389
13365 4342
10036 15158
7955 593
6565 3486
15267 5628
13702 580
9699 1167
3049 1897
11976 13899
6293 2026
15321 15211
3321 10037
880 8034
1269 10852
13863 13336
15004 11926
6442 8091
15089 1140
10651 11657
14934 7241
15449 14898
15354 3289
5350 4853
14435 11477
3454 3287
8004 12277
9061 2296
1796 15142
8412 4045
12509 7281
8948 13681
4407 9623
7568 6129
801 14698
13449 6761
10276 2406
3702 13551
6771 15087
9346 15896
13124 8607
8300 12513
15341 3439
7412 10036
9708 14302
11988 8044
3136 10916
11099 8338
11818 3681
5437 1205
3187 477
826 2363
5903 13190
12162 7212
133 14711
5795 7379
6507 11007
1153 5529
11893 10830
2893 11183
15231 13237
2464 11980
10618 77
7639 1417
3365 14361
15881 9659
11924 13350
14328 14828
14390 10346
4730 5108
1942 13056
9590 1085
6938 9901
8852 2191
1510 2007
12916 13189
12448 6603
3279 661
2094 9786
11495 13729
709 3862
10332 579
12700 9920
12235 7864
10212 15615
13208 14757
11203 5898
10372 6716
4621 10747
116 15774
12084 9622
13080 7175
11109 8495
11763 2232
4722 11819
11944 5868
8304 8113
9594 13498
9309 11747
13355 693
11873 4368
11124 5453
14831 4053
6867 877
7949 10933
12365 7952
7535 9778
1285 14552
1032 11666
7544 9182
2514 14825
7561 13401
1977 2455
15963 2721
9169 10996
3996 13926
12343 9531
10027 6519
4589 2308
5954 6853
4923 14865
10549 14062
11441 8850
6993 5847
659 9040
4790 13963
1160 8668
13264 15506
5789 11074
3720 10732
3002 2772
14032 472
14659 1555
3379 7483
14328 10957
5270 14982
7292 13198
3348 11072
6642 5852
14884 12977
10212 8544
1772 6650
463 4164
2322 10671
4700 1030
7992 2980
849 580
15745 11350
6975 808
15220 9637
3332 5737
10292 1966
2346 13433
5644 10969
13144 11024
10478 4040
14660 12280
7356 13066
1640 6118
5540 6471
10438 2775
2304 12959
9212 2772
6059 13880
116 2589
15911 5525
5854 152
10358 4481
633 515
253 1320
11766 5839
15779 687
4778 6767
415 3059
12136 8817
14139 444
15960 4306
8744 10617
8378 14841
12753 6384
15875 3010
7462 14939
35 387
13305 11155
11579 4146
2616 6281
2780 8361
3917 13181
11927 9701
9680 15084
6134 15544
2573 14770
3235 691
7960 13394
4358 2878
1500 642
12342 905
9998 6048
1048 11460
13545 11689
15661 575
13692 2924
12969 5788
2918 11696
6088 5487
11581 305
2422 11916
7696 5200
11042 10769
6319 6745
3858 5784
9234 9899
13071 6693
7671 10864
4627 10232
948 1583
3243 1059
6065 11328
7483 4742
842 13520
3428 6262
15499 12246
2275 6835
13145 11162
2303 12500
15411 4895
15254 1473
2072 11885
9700 801
5068 1671
1091 14541
8912 15864
1433 12341
13616 8579
13131 13189
224 14597
3588 15892
10009 14202
6328 1082
13786 1556
11720 5585
3406 4964
3600 5661
397 10306
7485 2152
1867 3017
4962 5643
13713 14417
11711 5748
12208 1850
12836 13159
12661 3705
12069 4911
6119 5161
4632 4864
11725 4805
12572 7208
8580 5421
4870 198
1981 3602
5272 8742
2212 7158
11526 14938
9702 3030
8819 5967
14965 13805
7423 3391
1749 9971
15236 15223
15464 3914
3984 4930
10076 14825
11348 15350
6854 11527
15951 359
14036 10630
7610 2718
3629 713
7327 10842
1848 1007
14299 6140
15431 9143
3039 3715
9122 8637
6505 13105
6712 3912
13985 9695
4203 6304
14188 982
152 5466
11208 12958
2459 4220
7684 15514
9179 5815
2089 3479
7139 3982
7396 15819
7843 8245
4582 15458
3282 1043
15861 1314
8359 9825
8942 12530
5674 5851
15834 803
5169 1335
3748 3025
15891 11920
15674 6161
2670 1727
12497 6873
526 194
4234 2988
998 1161
14329 8938
12757 1054
4991 3817
6470 8534
13604 1766
10889 4412
1997 2477
15186 11069
14987 8433
14073 7314
14231 1522
1227 6767
9363 10077
10646 14144
7172 7071
7769 3447
8767 3149
9361 10257
12169 4629
8411 10317
5822 6547
4692 4961
10997 15274
10769 2999
10523 11685
4994 8998
4099 3489
12491 15640
6997 3802
14355 9649
8018 13427
3119 8372
2277 12178
231 15092
9458 15716
5593 15898
14665 15501
7238 9174
3690 743
13726 2032
4779 10122
13195 14949
4213 373
8629 2775
5737 2945
15200 13617
5890 9866
12517 4524
11012 13846
2453 10041
9916 2695
6506 2305
12853 13071
6329 3732
9769 8744
4650 580
7013 15452
13434 6875
3736 294
15835 11117
8858 4917
1735 2462
1331 12060
4088 11465
5564 8815
12310 7223
7075 4681
1688 8345
4174 659
10375 10395
9666 6120
14267 12429
3214 5145
14691 919
3605 15385
1938 11328
14602 15722
5956 2457
1747 8902
10596 10253
13057 1491
8519 14468
1304 144
7360 6872
9990 7152
6262 10479
3826 546
3835 4976
12138 13055
9495 2969
8358 14709
9388 10571
7565 5681
1909 3381
3743 179
7382 7512
7701 3930
4338 8101
11085 3248
10384 2154
7830 12802
2906 9782
3701 6883
9864 2730
3188 3410
13220 2626
9266 10596
8060 15662
13752 5471
7529 7464
654 7234
13783 6497
9871 9969
10237 15491
114 1878
10424 8340
10703 12994
2130 9229
10307 7898
15828 10818
14982 13989
1917 11629
7515 10195
8419 13797
13680 15400
4299 2855
4675 15069
8541 8382
13315 3215
1083 13169
12378 6262
15411 14165
15551 8162
5186 11502
7604 10764
15107 4649
2610 15503
7759 2386
7887 15407
12043 15971
2527 12935
11862 14918
422 3851
15418 333
10388 7408
5846 6320
10957 9456
12497 3691
3726 2943
4305 5573
3001 9535
632 9848
7409 15392
4108 15904
4548 10522
9551 13645
4484 10089
1249 494
13181 5722
2855 5823
6087 10385
10649 1699
1420 4183
6548 12353
15339 13520
4811 9513
6218 3155
13878 15808
10509 7510
5187 10379
11247 4046
4513 11459
5905 9314
1014 14519
10067 2372
7894 11339
4033 4407
15737 5466
14281 6489
1236 15242
15933 3567
1672 225
4468 5798
2356 11143
4111 6870
6428 7051
1438 7385
13431 14573
8828 7282
22 11611
12414 2109
8603 13314
8495 496
7460 2880
15846 11738
15051 1903
9480 6044
4722 307
5812 716
10555 6148
4022 1497
13104 3466
8187 3152
11198 1326
336 11795
14572 12664
11578 12251
7483 3329
8384 10008
6209 1108
5953 8684
5486 13193
11221 12043
6187 15124
6098 3202
3149 8320
12218 3564
5805 7647
11788 4477
3531 10007
11277 10130
12499 2167
3856 3425
4376 5799
13866 11426
12320 14611
1647 12611
8842 14155
4639 15335
13276 15082
7284 10955
2492 8983
14861 534
5383 3393
10093 10750
15947 9312
14931 13944
564 15939
2411 9262
15127 2770
14212 9097
4836 14066
3691 4477
11054 7375
11878 8037
11906 11261
8265 5652
2386 7653
6835 13849
6581 887
12972 12479
6012 5924
9898 15912
984 14272
6488 13506
1511 1106
15084 10121
3901 10297
6369 6027
12617 12492
7949 14101
2087 12254
6240 12028
1007 12589
3421 1973
14231 11603
897 8090
15353 1707
15367 2085
13675 13128
5645 12521
1390 3201
5146 9398
470 14166
13715 14441
3308 7935
5024 4699
15079 9810
204 5845
4377 12147
10894 12252
5057 2886
11895 1784
12697 10052
1052 2931
5782 6975
7574 2439
13487 6777
15094 7433
15371 14518
4050 6564
11928 5220
249 11441
12244 3302
13599 4760
8613 10086
3695 8875
11240 14706
5190 15375
925 8566
13988 11234
11332 12621
10874 2984
10026 15512
14549 6293
10705 13873
5946 14377
7160 3815
5765 14993
3961 7370
4872 529
12953 4014
3346 9242
2288 5103
13823 618
4421 1461
11183 9750
6966 14685
11553 14333
7126 2328
1592 8810
6220 8337
2502 9528
6376 8095
1181 5067
2375 329
7076 8876
1723 15236
4071 12308
752 13079
9672 6053
2288 9965
9252 8310
12735 12026
13440 7405
278 13291
896 1560
181 7641
2207 1109
6378 3833
11544 13783
13886 5752
15363 9894
1594 438
3285 612
12759 6000
10198 14281
13311 12465
15948 1302
9083 4352
11027 1363
3290 9743
7609 3565
6721 6484
11432 8888
8185 11148
1521 6753
8704 8629
3116 12063
3020 689
3627 5536
541 13259
372 12522
8642 1582
11767 9243
7467 9114
4821 8483
14091 1395
14049 2113
2938 14414
4622 8544
2343 7583
1918 13286
2131 852
11967 13647
6661 6669
9515 606
443 10665
9234 4283
1290 8535
2357 8088
13487 8127
3493 11828
2655 14093
2059 8639
6975 2889
13547 11239
14163 8913
1229 14431
1955 5566
12338 5378
5391 5733
480 7005
8803 11378
256 8621
5895 3444
9650 7148
371 3761
14086 12258
9670 1669
838 13026
11950 714
14842 10859
15592 4549
7391 10679
2803 12452
15897 15601
10475 1029
1296 14689
15537 14954
2858 1471
2667 13059
2730 12465
14515 8280
8669 1803
2464 8593
798 9531
4941 14984
7785 15375
10751 3584
406 10235
13572 11090
13352 8799
2798 10438
14934 10645
3844 8648
8944 5941
496 7110
2120 2078
11690 1906
2883 10842
7355 13345
699 10508
15705 5950
11100 6218
5174 3686
2403 10942
9459 1428
12309 2756
5933 10015
3303 14666
15292 1176
12061 350
3546 2528
8257 8564
2635 7110
8095 1225
15394 1124
5400 2118
6160 6476
4951 7841
2741 9326
11573 906
4606 7389
8077 14179
1857 9681
13318 11056
6426 7909
10459 4521
3219 10541
13356 7597
14449 7946
12697 803
10365 5193
8529 7971
11010 5288
2992 5648
9422 8371
4713 3837
1226 1852
11869 15330
5271 11275
10740 12894
3718 979
10075 13408
2653 4040
2353 803
14072 14245
5443 6473
15319 2934
9837 8875
294 14348
8444 5219
14403 9390
5229 10298
10347 14900
4660 7578
4991 13655
8544 13174
2553 9298
9316 13103
2060 1998
4922 3103
12628 11886
7923 3066
14720 8578
6839 5832
1249 12211
4439 13770
2723 3339
12218 4839
15068 4130
13970 1026
7179 4005
1583 8880
13001 8100
7694 2920
6690 4100
11095 11640
4634 12348
4293 15770
2687 7319
6220 5978
6588 11126
5651 7217
7603 6903
11175 6938
10348 7872
2675 1100
7733 4714
11391 14405
1535 9298
2263 9588
1710 8141
11745 9894
4750 8762
3835 9453
4081 7300
11241 6431
11752 10818
7619 63
10362 321
13893 12516
14554 11575
3306 12208
10815 13869
7520 60
4024 5671
7434 14878
7336 5069
8442 1727
8627 15682
5480 9172
11574 6563
3219 2038
9565 638
792 10286
4373 4275
4607 6577
6889 2352
8451 3835
1007 9963
10166 1153
9156 4597
4858 7914
15438 14455
3382 6426
15378 3428
14246 14763
1439 11587
13751 1218
13056 3062
1538 6320
5882 14347
192 7949
10797 15448
15817 15504
322 9539
6594 1125
4970 9709
7600 3498
13613 8865
10945 2791
4320 1355
4385 3712
6180 306
8045 11863
4322 692
14914 5888
9857 2090
1535 14317
14923 13254
11936 13403
12445 12390
15598 332
10676 10534
5113 7853
6462 6444
12168 2991
9973 5280
9164 2064
15111 5516
4807 2993
5330 6209
8002 377
15856 11367
11750 10371
7517 10362
15464 86
2318 3294
1857 12153
11673 14342
6111 13134
2678 13611
1865 9757
332 5933
11947 6841
12768 13460
12449 11229
7868 2394
15297 14132
14069 9415
3448 12025
2796 15714
3185 605
15177 13451
2913 12160
12828 8286
9402 9180
14988 8569
14079 14214
7994 6915
5040 15782
14973 8150
2925 11809
10801 12534
12390 3344
14444 13679
11649 10540
12684 10539
11604 11668
6285 14154
12596 5687
10358 12537
4548 14479
3389 3945
1303 4399
14681 9482
5842 3652
13613 11211
6830 12018
2537 10470
5220 4287
443 8082
13874 12587
901 1319
3414 11348
2625 6247
8246 11642
1678 4910
859 3978
13207 12154
6785 770
12298 7492
9725 14290
8006 1211
2419 15108
6324 4705
5899 14931
3517 8383
10684 1639
13269 4693
2273 4525
5170 5082
4550 3031
2286 3136
107 10397
12020 9267
867 7098
1571 6774
6189 9415
14952 2452
13865 9604
8639 14236
6191 9010
15112 12597
15339 7114
2851 5520
11609 7394
3709 8751
8601 9399
7708 2886
9554 8942
7256 5024
5076 4112
11153 7242
11251 10400
499 9157
15204 2785
714 7757
4295 1665
12275 1224
2937 11654
1635 10208
115 2225
1128 2948
12798 7581
7078 8451
3611 2011
7437 11165
4758 6226
9054 1338
13968 1517
3756 6600
1608 1468
15350 8659
219 2703
13277 5400
10561 13675
12628 3305
2701 11248
1353 9513
13332 14221
6249 14250
2593 2265
3595 15691
2487 1374
14584 7197
2552 5380
9205 5510
6806 7481
13441 4913
13383 8577
13726 14002
5346 12065
4792 12548
15583 5684
10608 1747
10257 2283
5891 2798
14236 2055
9857 14772
7823 4048
8338 3082
4019 13149
10025 779
3928 14314
10938 5866
6362 10270
909 737
1141 4536
7890 1772
7493 6773
12918 13475
8005 4480
1645 15605
2336 8388
8430 5197
11945 11442
11410 14132
13149 13693
10594 2172
13005 6991
592 14295
6642 2162
12321 6654
7444 8682
14777 5909
4922 3849
6795 8297
11318 4783
8839 8174
12649 14190
12139 11154
8279 5798
11222 8762
11844 10979
3126 3950
29 4515
5843 6996
699 7283
13060 4546
13271 812
12957 12995
15466 7694
8531 14963
1172 11744
9257 4556
6736 9994
5039 9904
5608 477
7112 4161
10557 9656
4306 13590
3481 775
7930 15421
13348 5564
937 13373
15360 5777
15295 9937
15896 1453
14269 872
7978 14091
10922 11529
9747 6401
5122 15841
11327 5209
10548 14252
3964 1279
5961 9610
9257 7872
7557 4983
8966 2090
2406 5404
8064 12605
388 3990
13570 12671
1819 234
4959 10512
11181 10369
15964 2505
14417 2661
13222 11764
6478 9842
2057 526
325 15126
12807 10819
13673 7468
961 8956
11870 10276
8520 12972
959 7047
12838 7080
5239 11232
7255 4821
2584 2665
14598 2437
1522 2912
9528 3836
14620 11521
8488 9520
13512 8532
13934 1970
10170 15504
15029 13277
13447 6545
6952 15362
3758 2926
2614 5071
3505 10388
809 746
1787 3080
10858 2181
1349 14562
8277 8415
11408 15586
9630 4679
1732 1554
2549 6959
8384 9332
8009 8535
15970 9674
10566 842
9284 628
14701 12591
1417 13711
14047 349
14336 9138
7118 597
32 3630
7729 3342
9654 8537
13660 14727
13306 13065
12625 6410
6324 12252
6030 11067
3670 1026
10175 66
9866 12993
15772 12359
1170 5922
1827 4610
10535 7822
8042 3775
9611 10213
15071 7060
13523 1922
14132 3738
10860 15129
11068 7887
215 8436
13278 10462
7989 9136
292 3156
12080 4380
2098 12569
13828 9017
10556 13774
7094 649
8905 7862
15235 44
10200 5433
2540 7776
10649 1822
4605 3735
12091 8661
7661 12238
15278 2647
2567 14961
7279 14568
1963 1669
11118 3337
7388 6240
7648 7029
14620 13515
4376 14331
3843 6192
10431 8729
9990 2939
7280 14114
7749 846
2677 1225
11048 8099
13308 13741
3856 4300
3429 3876
2548 13067
3903 5315
3804 6981
4732 11958
1020 10299
12378 9124
1933 6802
6823 3280
15840 1670
11818 15706
2362 11365
204 1251
9364 11685
15964 6051
15898 9228
14881 9503
10274 2288
6728 8234
10179 4997
1371 4071
1582 15587
13856 9001
273 6354
11391 6404
13938 11368
2158 12602
7158 9774
475 10221
8930 4389
7852 2541
11434 3496
7758 1453
8015 3848
6067 12821
172 1336
524 11718
3686 15510
4713 8996
5280 4640
15053 548
2211 15525
14367 15367
15566 1991
15903 2298
12544 14662
5186 7402
11954 15175
3468 8120
1428 14992
4995 13868
6163 12553
15167 15906
1397 2484
8071 7884
6484 9358
6237 11788
11076 9429
10995 14329
14473 3904
7663 1130
3743 7244
13774 2269
101 10240
2423 9681
5346 14318
12837 9520
11331 1939
873 7192
13572 5577
537 10543
15647 74
11126 15025
6108 81
6042 925
14622 716
1329 2027
14114 8969
12883 9742
9938 14149
8562 4073
13721 5455
13495 5131
14845 5999
9011 8553
11594 316
8130 6712
3319 10482
2580 2711
6343 9175
5798 4588
5634 5741
9215 4094
15993 14635
1860 13206
12293 12569
4689 166
13869 13665
12251 815
12016 8623
9831 7321
3583 4209
15119 9579
2775 1353
1107 4906
458 10950
2388 15925
7994 4789
3881 9949
9661 3140
4513 613
3335 3215
14094 4559
8666 14687
14603 4651
12363 1968
4033 10642
11756 12582
10634 726
15412 11787
15294 13950
2836 10454
15435 10527
13741 10307
7431 4727
4318 3631
14127 8503
5310 13309
4867 3056
8343 279
1819 7286
9232 8033
9744 1663
14689 15785
14573 14493
3048 9693
10821 11311
10459 4716
15036 5088
14505 3778
14258 2989
2409 8602
2950 4902
2765 8560
15586 9221
14854 15569
5677 15705
3728 8603
8990 8778
4416 9151
4480 15072
14024 2881
351 7335
9361 8031
15447 1842
7901 6916
11161 14778
10959 15301
12147 2751
10528 7694
9568 5461
7179 7432
14837 4458
9370 10970
5020 4902
11428 9369
6176 9346
12448 11762
9722 11455
13873 9986
8140 9260
11334 3102
475 13205
3727 14210
14904 9456
1714 4155
6184 9779
9462 1189
14663 10823
14934 7620
12380 8177
6161 71
10699 5146
1019 5542
5853 9257
5715 10874
2739 13664
5015 11751
10559 9299
2900 1074
15881 13719
8232 13854
15528 15222
9278 1444
11754 7996
2997 15735
5807 6541
36 8684
14638 12190
10264 8369
3134 1835
4231 12857
3349 14945
14299 2973
1224 11784
8828 3682
266 4461
7451 3204
2735 14969
5296 9943
775 9388
7574 2976
7153 1464
13542 10510
4839 13240
5776 12377
1651 12192
11362 2386
1084 671
2765 1956
3412 3553
1798 4927
7954 15810
7202 3708
6029 13213
11390 7324
8464 4404
869 11393
2327 8138
10425 12575
8928 9281
10224 15707
3381 11777
4626 5821
15327 13736
5897 6825
13961 6131
1853 6445
12324 15579
11950 9686
3801 12342
8322 10293
9557 12505
4532 834
2026 2031
1250 10962
4989 1002
15800 6432
835 2189
9975 11733
8642 4915
264 3576
10413 2754
5723 12841
15260 14523
1941 14657
13399 9227
13883 1707
5831 4659
4118 13583
3419 11974
1675 2306
15954 15460
8694 15905
7619 3292
13307 846
8539 6138
2240 12114
10732 13707
6757 14450
9012 15108
4159 14022
12202 13682
11065 6684
15502 9
12089 6056
1797 14328
7671 3692
9808 331
6502 460
10939 6779
12606 14391
6340 14688
4769 12542
10719 4611
4554 11359
7046 5046
10545 2078
3992 686
589 2218
13262 5698
12132 4901
3105 15455
326 6565
3285 7179
5477 5615
11978 4904
11632 1480
4193 11547
11787 12083
8610 14681
13560 5389
15604 3202
9293 2321
14543 7383
7213 9304
6058 9310
6784 2166
300 15697
2805 11681
2699 2479
10725 15252
12449 5040
1592 7741
357 7532
10341 8385
11992 15372
6576 8300
8494 5738
9701 2652
13315 13538
5064 4024
10478 858
10850 10732
5402 10083
5135 1571
15170 33
15616 6812
4963 11198
7214 9786
7624 1112
12546 11748
8772 3259
7923 15398
14414 15931
9698 1178
6796 14136
15650 10840
3382 7730
2864 2220
2164 2925
2750 1890
2240 14827
7568 8941
7917 2724
4452 7074
14092 429
2195 10345
5653 1510
1263 15918
724 10439
4361 15564
12449 8702
3697 1559
12400 3863
15366 14572
2571 3972
1700 9400
6013 13926
48 9725
8255 9633
14526 4994
10866 7103
12316 8205
11345 13926
14831 10773
6822 242
5509 14008
13515 15484
14051 4584
644 7809
7035 13265
8559 12115
15559 9918
3610 3524
10480 3987
9229 8020
4158 8488
13977 3854
13217 12397
15624 3682
3201 3314
8111 8207
6605 1721
2225 13932
13967 6392
8984 1902
14514 15507
6938 7152
13774 9831
11696 6038
3995 9040
2679 12792
11487 730
6973 11542
13307 8490
1637 15019
10475 15081
13184 725
15918 13356
441 6017
13630 4389
5589 13553
10176 3320
