9517 11510
11515 9203
9086 523
15975 6159
7267 4107
9592 7151
14246 2414
12754 953
1756 4909
9869 11071
2222 362
1652 1955
9633 5436
9721 11852
11584 1283
5580 715
3333 8193
14789 14645
11674 12392
15444 4634
2328 7387
9796 6171
7156 11131
12206 14503
13087 3865
98 1222
10801 3070
9890 10238
12009 15303
9382 15660
158 4524
11987 241
5509 14788
1033 9400
21 1056
14160 569
9499 4025
9593 7138
10094 12878
12175 13525
12406 1049
795 7440
7714 5243
8184 3342
1018 230
3465 6338
4683 15723
994 15070
4374 13484
3883 5077
6708 6181
12159 10891
15062 2247
15755 10903
15367 5200
10534 4352
10497 7998
15885 13799
7480 10267
12674 6352
8979 309
362 9871
12039 14905
6674 10972
11582 9809
9348 13059
9157 13284
14569 15534
6742 13818
15300 1824
6284 11607
11471 6772
811 14981
11875 4364
12139 10220
11564 13706
3263 10824
10721 4421
7987 13469
9469 5990
3849 2164
10508 15258
11598 1117
1345 6978
4339 7716
7658 7896
11729 2684
10914 3625
11833 11577
15585 12241
7054 14187
9871 6136
1746 706
9858 12081
12690 6686
2329 5400
5242 13963
3931 996
6955 1035
10727 10250
3654 401
636 11179
13213 4548
1823 13756
11764 5347
9069 5464
11132 11158
5346 8824
14479 14769
12135 12355
15264 269
5732 2767
3160 1354
12608 11775
4040 6222
4452 8197
14159 6057
5782 2614
11236 5261
4566 4963
2623 5780
7347 7893
1661 8636
3841 12390
11946 6409
1769 2260
1068 14326
9265 6645
10119 6478
5812 387
10734 4340
6872 10138
6016 10111
13445 10424
11594 5339
10497 8412
6399 6356
8508 9823
12171 1220
6088 7183
3801 4329
9272 8618
13861 7821
11360 10624
8653 5369
4583 6590
5887 9777
553 9522
6008 2159
15005 6118
8174 12920
10885 2374
3173 13584
10386 6402
5500 3861
13769 1997
902 13606
4116 3134
6704 4374
14876 6692
5667 11986
8021 15848
2828 1268
1096 10742
1406 6337
4673 63
9519 11959
8634 5351
9885 6187
6420 7426
14286 1128
7076 15976
7218 14936
9200 5990
13837 12533
97 6560
14200 6071
21 6186
6227 4269
10141 5118
10193 13572
10281 7621
497 10893
6873 6135
1113 2430
1988 7196
3772 13364
10614 3593
12276 15628
3117 10902
14746 395
15390 8621
3356 11137
1089 6614
2657 1313
8401 2367
4790 5038
5084 7378
62 3723
1554 302
6732 15659
1623 9228
15347 1010
5818 6434
9448 12935
6556 7335
2345 4368
4431 2842
3889 6589
13373 10979
4242 8353
12364 15647
6289 15933
1056 9715
10230 6256
1410 1617
13565 1117
10961 8152
5594 3796
14381 7373
6983 8684
5630 5801
14718 14962
5834 6191
14351 869
12850 10637
9608 13158
8491 1365
15279 8699
11309 9920
2597 13059
8358 12080
4321 12861
8519 14801
6213 13080
9698 9536
327 7030
8639 2711
7103 2027
13376 8713
11796 9803
15047 1153
12970 11216
1122 9547
1169 5516
7037 12172
459 7078
6052 10887
15297 10614
1955 10028
12108 12293
12278 1685
9061 14056
3796 15966
10174 4974
2839 11014
14241 9344
4044 13000
11826 880
13362 4091
5599 14509
5035 13515
3264 379
13314 10289
6371 3224
1543 15898
2306 10200
8428 3050
8439 10761
7823 7081
7554 15749
8921 2642
12870 14583
1654 7235
5342 8618
805 11588
6146 6570
3579 12321
10811 13738
14048 4447
4082 2979
10371 1035
685 4321
4789 14322
3126 4758
9905 10462
13522 13619
12428 13225
721 10740
15929 7698
12495 10520
7813 4638
8238 9342
12757 6854
7669 11347
1298 7833
8269 12331
10341 4512
673 15148
12768 14657
15334 8073
4562 14381
5350 9954
780 6862
12780 13326
4291 5501
12794 5226
13455 5231
3044 14359
9977 9786
6174 4157
1727 14713
9472 11195
12941 3595
12246 12225
8134 11984
3251 14662
14620 770
4200 2642
2845 13428
13242 13824
1979 2714
10175 10017
2179 11977
176 11301
15590 1661
1722 5340
13250 7831
8317 15644
15012 13338
10524 2756
7505 8309
5965 6823
5442 8625
10991 3843
895 2440
11025 8955
13919 12169
1522 9146
15982 9203
13899 7472
143 263
8009 8149
3083 4934
12326 7349
4722 9493
13293 12229
12868 8039
365 10064
4730 4877
9493 11828
1435 4736
4837 8537
13430 10099
6784 1807
2928 14203
10247 5525
10246 10653
14119 4945
5539 3725
123 7197
13977 14509
3261 5537
4990 8604
3334 1772
13772 7262
15883 4018
8469 6740
1902 5579
10784 7583
13802 2465
15268 901
14701 13701
1048 7450
13617 10943
15486 11591
8178 6575
6535 14508
14018 3976
2842 4506
11679 8055
2762 8747
12651 10691
8432 1421
6133 10354
11653 2842
15460 15898
10188 15955
2111 3425
389 4139
13158 13850
10276 15455
4437 13833
11572 188
2923 1268
10992 3647
3580 3422
6825 5520
15478 1775
14463 4973
4458 8689
3236 1086
9154 649
9087 15071
4482 12206
3140 10880
4756 6454
14118 4841
6041 7720
15431 4020
9429 12014
3132 13390
10677 6571
4573 15347
5294 5133
6827 7232
4620 7254
3463 13004
12301 6809
9196 9318
13249 12287
1403 1689
15176 7277
15982 8643
9301 12284
13045 6263
13929 3729
1177 13037
546 1278
631 6708
10002 15661
7743 673
11984 4118
219 9840
10740 3101
11637 10749
10192 6192
8492 2846
12431 2066
2650 2989
3401 1228
6566 3754
854 8513
10398 11045
10403 11207
1263 5547
3274 7429
2691 11027
7765 4998
14439 2449
2718 14368
708 11914
8932 4665
10978 11564
8085 14111
7383 3198
8871 1224
3464 12971
10022 7007
7355 13822
4938 10631
6047 91
6845 685
14357 12666
8690 9762
4867 48
15087 5703
15613 110
866 6205
12882 10930
15752 15189
3057 2990
492 13457
12878 11658
158 4856
10185 3485
9554 4900
10819 3367
12308 12956
2997 4960
6544 9212
8033 13325
6327 5346
13663 5773
5749 2309
6568 7453
9811 5976
13959 11191
1936 11261
14663 12517
13599 15112
4240 9296
5234 14786
1878 4930
5300 5846
10733 2016
11611 13572
15435 4869
15350 4963
7813 13272
6236 1566
15470 8695
12204 8780
15513 13062
1539 681
837 5766
2818 4841
14698 7986
9080 15484
8747 13238
6660 1379
8384 8015
12512 6247
10237 7477
10943 8894
6537 7963
6151 10895
2635 1035
15336 13388
11639 7828
6439 13252
12187 10339
14431 204
12795 1514
10210 13286
8300 13542
14395 847
13134 3420
7259 6358
10999 1060
452 11408
3332 11047
3055 10420
1814 909
8809 12551
7191 5468
15851 4573
15631 2631
11315 1852
11727 8282
12438 4080
10471 8663
11809 7276
4940 4040
10614 12572
6298 3841
11444 6460
1782 7447
4003 12010
4615 18
9091 8702
11251 11682
1405 7661
3293 13719
15534 589
7574 1860
8664 11101
14185 863
5725 7274
4109 7255
5141 9353
14535 628
7987 3159
8970 588
2477 6370
9129 1778
12392 15909
1343 5687
2961 2408
3652 6572
4057 10213
6031 13394
15926 2326
6158 5988
7171 12725
12681 10409
2878 8433
12805 7235
1139 5462
5935 8757
15124 3396
15054 2753
412 5714
12711 9934
9081 1049
14089 12732
7674 11342
7791 8264
5943 9997
15615 1910
5126 10434
597 12950
4381 43
2975 13311
14139 9665
6557 12609
2251 11560
13347 15416
10673 7159
10127 6572
4237 9639
14089 4473
6593 11412
2249 3091
13362 13688
12339 12123
747 4622
8069 8407
4726 10453
1096 4378
3445 5677
5395 3404
7496 4000
6384 15264
7905 8274
2504 10996
2367 14924
11445 6671
9785 13412
15594 8567
7700 8155
1201 2232
12193 3228
9541 10556
6363 3244
8576 4914
3727 11699
1849 4412
2135 807
10362 6779
13934 15180
8789 3488
880 2938
5476 3461
7001 7455
8339 10170
7283 42
543 11075
5504 10126
15482 8122
8574 3254
9062 5936
11729 9146
754 2104
2975 11206
9485 5909
5157 3377
3870 13212
11412 12992
12598 15980
11125 9559
11497 200
7293 14952
1039 12893
7818 11381
14616 7102
10530 14769
9199 2551
1206 7900
5324 9415
14816 5208
13914 11202
6026 6128
11467 6964
10972 409
14516 11496
10902 6175
15089 9315
12228 4264
8482 14947
6874 4149
3792 10745
8141 12712
6223 9898
11194 15679
7432 8822
14332 15922
7649 7865
10191 3945
10229 9747
13975 14705
10002 8673
4423 13146
1250 13687
881 11051
1625 10990
5012 11461
11096 1213
6764 14092
5239 15687
8150 160
7190 9164
15219 3128
14805 274
14830 5820
2929 15696
14320 6578
3758 8296
2005 236
12687 15677
5670 4350
13713 8290
8371 3770
6067 2062
15563 14300
1239 14859
7392 6
1669 4139
13207 6951
2545 2657
69 3841
14985 4307
2752 13081
10572 13001
12361 15862
725 3359
12094 15300
11801 15287
10637 14822
7479 1881
12163 5255
8094 9108
610 8459
9949 14021
6156 173
12467 12207
1475 823
9681 1812
3454 5629
6611 6223
14188 998
7699 4668
1421 10900
15287 385
8565 14882
1077 8840
10141 2078
12763 1316
6600 9510
13193 5117
7260 9968
15418 15514
6652 2596
11916 9872
6399 13230
8772 6249
11589 5823
2394 4014
5073 11510
12670 9350
5630 11822
15670 11583
7152 15450
10173 12453
9147 4679
5468 10723
6670 12506
5034 2305
7732 8314
4524 12422
10460 7124
5921 3297
650 3103
5805 15226
12722 15461
3134 11476
10702 6847
3033 551
13522 6108
10996 9399
8349 13479
9224 5024
15613 13789
8092 14194
5125 760
9342 14353
14792 3350
6643 8317
2425 15005
14829 11747
6364 8795
7998 1467
1723 3597
3579 9528
8648 1580
10791 15559
4396 4888
6422 5342
12466 8447
9036 2192
4239 7534
3537 4496
10150 6915
2145 9713
11117 12102
8360 12971
1782 11797
8032 7590
13657 2479
6301 4988
4346 8906
1134 13929
15701 11927
2574 4990
7375 9006
15898 9215
3753 14767
10533 8630
7474 7362
11632 3698
15384 8641
12842 9115
14621 1316
2591 12412
1675 5226
13533 13185
15529 939
7589 7075
42 15652
1846 5366
4143 13623
2628 7808
1609 14531
5007 238
12723 12471
3895 8889
10700 1895
6717 12485
2868 15236
14597 54
14546 9710
13460 14733
9997 1913
12710 12550
4730 8945
4102 9753
902 15812
8534 10004
5524 10233
2869 15259
7985 7241
9339 11093
7029 13583
13518 682
6982 15211
11877 6795
12270 15503
15242 10550
4216 1461
14729 174
14961 8093
7678 6401
9069 10783
13430 672
14003 9098
14079 8885
559 405
752 5206
13030 8134
10966 3527
420 6659
2719 5503
14206 9933
14013 3486
6695 8759
3283 9635
11341 13265
3606 8436
7690 12990
13791 14507
1450 8697
4555 4829
6065 9568
10096 11531
11184 2102
4882 10803
482 827
3419 9486
6204 11722
11433 12423
6024 7657
6499 658
13628 11811
14654 7406
2267 6462
14620 7013
13269 6977
8549 328
3302 12253
6719 12610
4682 15477
14356 862
1998 2126
8654 6070
8927 10831
1484 6269
665 10494
13367 11362
45 8671
8059 6424
12487 6848
150 10125
10021 1633
6836 5188
8676 4057
8365 6092
12896 11781
12280 15179
7003 11260
2887 10587
195 14765
7685 7600
7785 6925
10902 10349
3847 8683
12843 1444
7594 15382
11656 1318
10119 15761
14433 6281
3748 15165
2420 5950
10874 12654
1275 6884
13573 12809
10145 7733
10015 6695
13529 481
11533 6250
233 9864
4137 13071
15644 15688
6594 2680
14312 9161
15024 13213
13069 4067
15132 15889
10225 15834
3435 12435
898 4831
4297 10150
10546 5157
722 4551
14824 13372
7304 4166
13620 10221
5019 11319
12359 3522
6542 814
10596 10743
6725 7385
2758 1714
10715 7940
2493 591
7577 1440
9599 5054
4688 11340
15215 9046
7757 8326
13320 14043
6931 5568
1427 11958
11709 8018
2584 14021
9896 9928
10661 15019
3568 10393
1718 12229
4347 12607
6409 2860
10027 8889
4308 12275
7095 4004
13816 11211
8184 8518
3637 6194
9530 840
11816 10491
13030 9636
8312 6077
12397 12482
15754 13804
14932 1106
6660 11233
12702 11122
6374 1584
3792 385
14934 11046
10850 6518
12142 12096
14844 842
3054 1678
5861 3588
9785 723
8572 10164
1791 1681
4771 8705
11434 1947
4512 13333
11839 6631
7795 15199
202 6608
13527 2740
14165 8412
3832 4146
1819 11935
4549 13478
7585 15062
2687 5707
13232 5932
4329 12627
3034 14858
3160 9331
7482 717
14797 370
633 2165
3273 8602
9848 3961
6633 12313
13238 8522
11738 160
4728 5121
9618 3458
4192 1626
15105 10369
611 1377
225 1091
13119 15099
5475 85
12522 1836
3263 15495
9059 1972
6175 12853
365 8892
15034 2291
4440 12946
11717 8851
8471 5581
14831 13654
4300 15866
11465 3061
2360 8032
13500 14121
8695 11418
1547 15550
3335 4855
6089 1628
2463 14523
9194 1285
13381 9000
12563 6381
6561 3469
3623 327
12216 3294
5099 14023
9607 15576
14233 4441
3323 13311
12070 9404
7955 10743
14763 5657
3145 699
9256 2063
5971 12080
6834 4795
8037 1019
13097 9277
11654 14104
15551 14043
12769 8618
14306 12299
4091 13409
15281 7020
598 15111
5435 2543
4532 6748
2352 10970
2358 5353
14885 10641
11155 1845
6673 12451
6518 9284
8666 9155
103 6639
15896 4670
13408 8221
1665 5000
15450 1689
10807 5651
5130 5570
14245 881
11859 6825
13715 2390
3314 8297
11797 7285
13106 8235
4074 1542
7334 11382
8984 1438
11856 7561
13263 2215
3656 8400
15660 4167
5585 14179
8574 14903
3698 8064
9967 10203
8663 14506
11306 6902
1375 661
2439 11872
3662 12293
10841 1022
5215 1514
15719 13676
1862 3532
9729 15148
13084 15237
3731 7886
6839 8725
8675 7010
14892 4310
12882 5226
6546 11203
9155 12671
4657 14504
13749 10010
13212 9393
6446 15545
9980 14203
15631 4914
9237 8563
7893 5742
9012 13735
12060 2365
7817 8909
5547 514
11254 13340
10061 9634
5372 882
15344 9813
14874 9623
10280 15621
13182 3241
11390 13880
13986 12667
1973 3670
1397 14567
14635 11313
1875 6537
7039 13110
10336 10449
5887 15543
1170 6227
3979 3158
9251 7759
14610 2220
7681 5211
15642 7426
15073 5496
1002 11078
9517 3546
1072 10697
1709 10873
7865 4172
7453 1338
14039 4146
12799 14770
4396 697
15905 2821
15757 9039
14796 11040
1208 7600
5909 10727
9997 12099
10961 12817
6966 163
13428 13570
6755 3805
13119 9967
6767 15888
4951 12273
5070 8141
225 4426
5455 11657
8052 2336
10560 12846
590 4136
14657 13300
13472 2610
8132 5124
12249 8419
1308 14935
8126 10007
6452 4669
11621 1051
11837 641
9741 8197
7640 1705
6605 6836
782 4475
14069 15774
14376 7940
9632 4078
13795 920
14633 7261
13561 4412
10358 1367
7853 2941
3787 7793
11742 4633
13227 2271
70 6011
14348 6121
708 2860
6669 5540
15038 11369
15684 7559
5877 5997
15487 13803
12032 9434
3671 8987
3125 12062
4057 15713
11057 5586
15106 3661
7988 15657
4063 3265
13168 14039
4981 646
1135 12523
2646 11253
2599 296
13902 2567
6400 3078
12003 4639
14337 740
4931 8294
6263 13153
8054 10510
10819 3813
8877 15966
14181 2606
2682 9843
7952 14221
5418 264
2200 4191
1365 8864
14098 7615
5911 1692
15037 5122
392 4056
11445 5005
10751 9307
2740 11546
1587 6700
15944 15290
4432 5023
13508 10845
3444 11497
10333 4080
5218 11200
8775 9876
14890 1595
9464 10571
12078 6322
1691 7304
13562 14423
3000 7290
10318 14047
6743 11186
560 8476
11931 13
4232 11783
3556 9180
3912 8112
13503 11041
663 7654
1105 8405
7294 6725
3108 9615
12428 3853
6189 8291
5346 3984
15203 12010
4925 4676
3143 13847
7107 13411
14062 2356
14670 15704
14964 3842
9041 14175
9496 3103
280 8767
4570 5979
8654 8940
7605 10586
15444 11162
4677 10701
9806 3016
15516 1168
15623 7533
5049 8276
8559 12726
8608 2141
573 14280
9805 6246
10358 8187
3940 3601
5956 1998
14138 15094
6294 11564
5695 4496
6310 14050
4615 8100
1943 12757
2235 3215
9953 6258
1880 8808
2579 12114
13806 5088
10000 3669
10114 1890
8807 3224
4223 10473
3897 10565
3776 9843
5195 3598
11745 11734
2562 9702
811 7189
11555 7145
8095 9783
5050 993
15970 1079
7963 3198
3464 11292
11157 15061
3710 13023
3018 2157
10017 2116
13944 7634
9505 15248
2240 6853
14443 10042
291 9976
9955 5183
12856 10081
3068 6356
9531 3110
4809 12997
6724 7662
15464 11154
3760 13505
7774 4538
12841 9412
12510 15597
12951 13741
10652 2085
13134 8662
2587 8043
4738 7853
17 15192
3346 414
13521 2546
2840 13511
10299 8268
9711 13697
13461 1546
4136 15843
15131 9987
3170 10139
14404 15225
15639 11674
2408 11132
7804 3372
5817 9669
11748 11166
2276 12545
10855 2937
279 7476
10128 9639
7551 13202
1172 1059
3595 13908
13241 10849
773 5299
7406 2248
15206 4673
8472 12088
11270 1505
8802 3517
6412 15976
11990 12761
6201 7386
8195 4481
8910 6757
10865 8338
3731 13450
13245 9011
1001 8466
13555 6160
204 4457
263 13679
1561 10582
9654 3102
15784 9676
6450 13896
8020 417
4253 2590
2554 10704
12670 4839
1419 2411
8864 981
15890 9210
14049 6908
7498 5332
7311 15475
10651 13194
14719 10557
3298 456
8939 3022
4460 13728
6618 3610
8606 14269
5444 5234
4469 1327
10640 14946
8811 15641
4992 2694
6375 15542
9139 797
7935 7919
4996 7651
7862 1124
5047 11055
5869 12677
11593 14101
10346 9398
12580 14871
3440 4786
14598 15746
6016 10745
7761 11952
6605 10696
2650 10279
3047 14127
15150 7580
13192 3862
15659 9858
3301 14821
13412 9841
1383 6757
14753 4107
5855 3436
885 8275
12726 3878
14461 10785
3926 5292
2103 153
14117 1271
11398 3690
1595 8672
1342 13548
10482 880
12190 2195
13819 8191
2271 5024
6453 12875
9299 5356
15817 3998
4253 6119
7593 4947
10032 10301
5692 9105
3358 10673
3777 12456
570 8853
9224 461
13205 986
13675 12009
15198 6447
14958 5207
10668 1636
9729 580
1645 15948
11136 11368
9894 5781
9132 3405
14903 8107
8860 8659
13813 7021
15630 4084
5960 12573
15888 10143
11502 1243
8882 14325
14747 12378
11000 7011
2720 1272
10017 15264
10999 3216
15539 11063
12958 15719
9791 15958
5986 3417
4244 10633
4172 15069
15944 2926
13535 7626
9305 1249
13995 191
15011 4072
5268 14961
5810 12301
11103 7959
14833 13276
8328 5875
6056 11812
5301 12784
1374 13448
8059 8483
2128 135
1473 2567
170 6944
7586 11026
2733 14880
12491 7364
6258 11849
5031 619
7399 7766
1209 846
3025 14723
10051 1676
9504 4938
6010 2796
5323 8956
12841 3921
8022 9891
14216 4802
9576 8347
15004 15025
13706 2843
5510 15544
15143 1447
9405 7923
15364 14205
7163 12323
10256 11269
12607 5127
11752 3658
1329 14575
6292 1992
6091 3808
13387 7482
10463 12305
12769 15505
11481 7732
2806 2277
9948 5629
15152 9227
1575 12198
10335 7505
4027 549
2343 10099
1305 7771
4964 4165
13625 1868
9536 3118
13912 5905
6468 7598
4073 12944
2397 2634
15261 15590
8705 13229
7512 2133
6576 220
4301 7315
14430 6425
6073 8431
11652 14785
13710 11826
15514 300
11057 11122
10842 6878
5603 13278
4349 5426
1169 4925
829 13269
12473 6079
6112 11637
6583 7639
12570 8380
5792 2959
13403 9382
4893 899
3621 2987
13540 11273
11717 4935
12076 9931
349 7070
7748 1163
12237 4717
15731 15936
15907 3057
14458 9569
2731 5696
15634 1019
5394 8972
15744 335
4870 12159
9981 15024
14578 10522
11627 1347
8823 1797
8212 2716
4885 3050
3341 727
12772 3878
4909 1615
3310 6619
2145 11406
4674 5238
11294 15674
14707 14605
598 3630
1956 2386
970 6533
5628 14964
15762 8573
7133 7685
15082 11552
3991 6033
7782 4989
7538 163
12960 1035
11310 14180
11410 13956
4142 8957
5801 9145
7237 1971
7158 1021
1910 9038
9487 15280
2044 10296
4052 10864
15845 2969
10473 7214
13938 5222
2500 14132
13076 7957
12919 4715
7790 2472
7995 521
11996 14916
8272 4510
9192 14439
14100 12056
8177 15333
1176 13128
14549 5633
15282 11784
5297 11031
9351 2722
1144 11588
3716 11773
1588 4027
143 10216
5595 11528
6037 11648
2957 14436
2742 14200
8412 863
2260 4846
1256 5383
10874 2090
7791 332
783 12041
9459 15518
5697 11895
12614 147
10236 15202
9453 15706
2704 4328
14332 10847
15492 5435
15160 12381
3499 3649
8478 223
14853 7168
10919 2198
669 11945
13794 5247
4396 12402
5995 11513
5412 8638
4299 1081
11174 13573
5747 7508
3271 15032
9713 13403
14006 6320
11765 11813
2509 12733
1899 3084
8169 140
9817 989
15353 6315
15408 551
11850 8586
6279 11852
9881 7480
11778 10768
12556 2864
9962 7790
7674 15803
838 13759
14401 10670
6938 14617
6895 14098
232 11942
11582 11173
4567 9122
13384 5669
1208 14551
13517 1244
7992 9244
585 8832
4556 14901
12124 2579
8048 8804
4851 1550
5179 7660
2178 13543
109 9589
4062 4739
4859 296
12612 5280
1451 11859
9577 15371
8415 6700
2428 11718
7632 15639
5568 14051
7210 8075
4260 13388
1003 3601
15130 13897
12650 4266
2416 5929
5426 12041
11511 3971
8311 5822
7296 10462
4373 14199
14481 4056
5841 13115
13882 8259
5023 1054
8245 3599
6538 2630
343 11262
3576 14530
15280 14580
9451 10320
1057 5213
2255 1870
12488 1495
9511 14935
6434 6485
9736 11812
14210 2022
1317 3010
11174 5228
7063 3397
13114 3416
5009 11387
10166 13195
11937 15923
4626 9446
631 6161
13203 15983
38 3538
13709 4038
13411 2899
10359 14741
8419 15270
8632 2569
9418 7267
4607 14089
5152 11321
13627 1948
14737 481
11529 5344
14996 4394
5478 6542
390 14558
8909 12212
9546 9283
14416 1728
5484 4746
8582 1876
5167 10507
2836 15076
10225 14624
3600 5096
2027 2600
9329 11421
1832 15420
2792 15937
13637 11223
12132 5262
14442 11102
12642 4427
10549 9898
6961 4154
4168 1933
1293 9493
13745 5787
6827 7766
5067 8415
9026 3628
7268 7018
12568 1924
7866 13142
3744 4168
2961 5136
531 3763
14650 6446
4944 15895
9626 3377
12136 13922
8747 1892
11820 12319
13846 2287
6722 12541
5887 6289
7687 8752
12046 13079
13313 540
4598 9948
10767 3418
696 1707
1372 3471
3968 9491
3784 7457
15603 11861
2734 2215
3615 3059
2757 7649
2442 281
5988 1047
4002 4645
7027 3499
1336 6622
7973 9782
8644 14801
14837 10673
697 2367
2604 14479
860 10832
4473 2012
2314 10720
15414 6316
11022 10865
11280 9908
7155 10465
3820 4974
2568 8215
9316 1015
10353 13822
3135 14687
6372 6669
13843 10489
12394 11690
5401 7580
4780 4726
1401 5046
15031 11509
10081 5303
8605 3631
6568 3206
5017 12229
8937 10120
15382 14449
9626 10333
2621 6834
4890 5670
10624 7135
407 15361
7120 11048
10875 2521
11163 2022
5865 3707
13297 3953
9546 10274
14594 858
7924 13490
7205 1502
12106 11841
15416 7064
14340 15406
612 4629
6888 12046
4450 5427
15546 1666
15413 7058
3358 3588
14718 5216
2557 7899
13645 4816
11546 1786
10395 9323
11945 10164
4499 7323
9671 5313
8820 11271
2921 7771
4802 12194
12302 13042
10445 8093
4828 13815
3191 15658
2317 6630
3161 15952
14300 5791
9497 4144
14085 3601
12208 4294
3950 2636
3991 8158
7959 9304
2727 11251
2628 9301
9280 14846
3321 15655
27 15553
12619 11132
3551 12797
9509 13344
13155 7994
6038 15171
11244 11896
325 7253
2929 2752
1522 3774
9590 5331
13460 10499
7557 10452
7689 13949
3040 6703
11809 4542
10236 10346
7915 13977
12264 2483
12691 4489
2697 9343
37 3613
15721 10849
4624 12758
11157 9168
554 4712
15127 13067
13052 7593
14209 7281
7875 8874
11450 13222
4395 6169
15270 9874
6586 2749
2025 1796
4152 12544
15289 7707
6896 13128
9757 11979
13741 9023
10550 3805
13724 5863
9755 14489
6574 7290
9838 4811
7117 14197
10517 3469
13978 11326
4942 12899
882 15896
8781 2197
9081 6442
13415 14751
2257 15754
6976 9679
11940 7944
157 6014
12817 10908
9205 168
4032 5589
5723 4533
8527 5638
1804 14785
4831 9033
1933 767
11581 15937
3757 8510
12385 6167
2067 6631
15931 13875
11043 6856
1247 11491
10298 14265
9876 13513
2743 2117
7996 2350
2828 9818
5801 11806
6880 5044
9141 2194
9789 15167
974 745
7163 2059
8831 1655
13775 15669
3114 6300
4368 6240
3039 14491
13082 1320
3729 5936
12071 13515
881 15859
14394 5135
9743 3462
13252 5964
6699 258
15842 14296
5060 11596
9080 12508
15001 13347
7822 14699
13820 10068
9600 13801
4485 3112
15073 15950
5686 6610
7645 11780
725 2508
3427 955
15925 1709
10364 8703
8113 5434
4056 10542
2653 449
6247 623
9039 4980
4633 15958
2166 912
13894 14624
10826 9418
9817 4526
14001 7786
56 849
455 10768
2585 4972
6250 13419
10883 14560
7207 12017
10778 4708
13432 6426
9955 14723
13547 266
12134 11765
12101 3458
10148 7179
5738 13592
12164 683
3291 10935
13298 7265
5686 559
7089 5986
14004 4681
11445 11408
2143 14403
11607 409
11113 7353
11838 14069
11948 13312
11276 5103
11420 3521
13815 5477
3140 14644
12303 13787
7538 2459
1499 8367
6896 15321
5387 15782
14283 11835
10648 6381
7698 10341
7109 6205
4055 5451
10248 7085
13530 887
8221 6813
12374 11627
13234 3248
739 12452
4588 11478
10758 10579
14273 6084
14442 9803
3958 7411
14899 5225
546 12391
12270 7117
7647 11611
10788 6827
12891 14200
13169 11802
14024 4073
3145 13854
2308 6575
8279 7762
13580 14227
8226 9486
8860 89
174 9914
2112 8606
7797 9198
5169 12620
7229 12472
13869 2108
15894 15963
12874 13787
8718 10820
4315 7167
5162 13152
14860 8883
7507 8295
1163 3733
10747 8221
4420 9224
10074 12126
5933 5035
14575 1680
1810 1677
2379 10222
1927 8229
1247 6861
7193 7885
10787 11924
12684 9864
5062 10237
7752 4187
2630 6217
10367 7751
14984 14612
269 2445
462 2391
9571 3910
13173 2702
14177 10356
5667 10391
11581 8561
5602 12476
200 15935
9351 15181
12879 9360
7834 1268
8035 9820
7401 310
4020 14110
532 8484
5229 7279
7921 7315
10816 14892
10550 15836
10963 353
13910 9326
13336 10990
2306 6424
15871 2428
2685 8847
9528 7376
4550 14904
1680 618
7306 14474
773 4592
9297 5082
5461 12418
15051 6512
5159 1368
14601 4986
4293 4521
2452 14413
5642 12512
8447 15816
7067 11768
15454 2381
14512 13735
8998 4817
12844 3414
1791 849
15793 10721
7673 802
14760 14580
1648 8967
14407 254
9006 6767
15921 15351
5796 12332
7874 8894
8113 5274
10768 9085
4506 11076
14621 9178
12361 14420
651 10236
8110 7674
2473 2862
4695 10517
14075 10951
5751 7654
15974 12561
963 7633
9793 13466
417 2529
8510 4732
12958 2796
10550 10761
5801 9041
9057 3737
11773 6915
7098 14685
3924 8747
2159 2744
4507 6128
5868 9624
9814 8180
6245 15607
6262 9835
15308 5158
10365 4216
6074 7572
7559 15670
15933 3632
9008 202
5106 6300
9146 5503
3531 5122
15514 6083
5333 12091
14087 9353
15608 7471
10596 8429
13259 4353
144 14493
6846 345
3714 11696
13966 8554
12728 12680
12060 6402
7085 12522
14599 14986
6015 4046
6732 980
10150 14266
10261 2923
991 14339
5905 6626
9627 10304
14671 8630
14838 9138
3878 3981
2703 9019
7857 12565
2280 3573
9571 760
14784 15291
3386 14872
3096 4774
10117 7483
12656 2233
7068 10607
14036 15648
7298 14465
4342 10387
7634 8374
9858 12364
8182 10320
12724 7254
1687 9275
8279 13455
995 11588
12779 11993
2969 1164
10112 3162
3898 1929
3678 109
3526 4611
7447 14035
10524 8497
1304 7862
13384 27
14300 1446
10872 9955
10137 2714
8049 3072
6463 2496
4285 14357
3382 14861
7725 3463
6748 11136
8538 846
14047 9554
383 3612
2367 2215
809 1611
15364 863
12701 13916
1303 10437
1997 14537
8571 4028
9473 5574
5565 9266
8708 9898
4663 1543
13611 6746
2362 11910
10419 12584
282 1011
4285 9238
2422 9750
1929 7266
10117 568
1446 971
2096 14637
1799 6062
10853 5561
1511 4710
8544 11358
12726 4955
12818 15674
12744 209
8469 4505
9989 1737
11919 14272
9424 9234
4258 2102
4246 5732
3533 11978
4184 10850
10461 9026
7347 4626
15582 4860
1633 9311
3908 3114
5699 3387
5238 13512
2981 2907
5376 3323
2537 1484
13537 2323
8742 3547
11411 3086
340 9544
13742 3316
9573 13318
8692 2102
8874 9946
5787 1771
6757 12675
12882 9302
7494 6044
15576 10779
5772 2066
15085 2843
208 3368
9079 4973
2265 14483
15628 13480
10596 14304
7974 10460
214 14815
8782 2964
5980 15735
14010 9579
6808 501
1401 11887
7544 3550
7445 15248
4090 11604
15765 3537
13130 983
512 303
5483 611
85 15863
10581 2355
5901 9753
6382 15240
6946 6646
2646 7043
9918 9820
3384 15994
7002 15435
4320 6594
9409 12510
6135 3412
13459 15480
2336 2980
8198 1451
10482 2907
7774 4016
2981 2905
3963 8548
14848 3701
143 7274
10179 13151
2341 8159
2449 6758
11455 816
10092 14504
8992 12922
4229 4548
10496 14502
8852 12666
804 4564
6679 7143
12309 71
8848 15821
8860 14967
14598 78
15561 8724
12863 1498
7081 4359
11980 10763
3221 13710
117 6114
12648 15618
813 4258
12617 7418
6972 7497
6261 5201
9896 15224
5829 4064
4225 3589
5619 8618
11300 11605
9237 12496
11612 1456
5658 6299
3825 8852
5067 11179
13598 12138
8748 3698
1135 5052
11787 11078
14738 15818
57 4907
14788 5964
14775 1263
5392 11377
245 15934
967 81
7240 621
10234 15686
4504 1810
2646 5791
1299 8009
14766 9078
1219 4357
7177 8256
14587 8972
9588 1274
2228 9986
1786 7455
3588 8435
9888 2482
7419 6729
2768 12012
3409 11806
6034 2024
576 12909
12103 9292
7993 123
345 13824
15416 12885
12371 13000
827 8782
13151 3761
9123 7267
8751 7170
4208 15138
6644 2801
14419 14154
3981 2157
10497 7891
2583 4675
12309 5499
6961 12445
7839 7225
15722 11551
8149 12426
4238 1969
10222 4715
929 12159
11649 15541
11012 4361
9455 4789
7948 3148
1205 3324
14906 15944
5209 13731
6565 6596
552 14127
2488 4865
7093 6651
4689 11608
4709 4681
4581 13900
11037 9645
607 15040
13739 9722
1728 6753
11751 1248
5654 4445
11779 1552
12605 1590
6627 2557
13944 4844
1477 11879
254 10552
1381 15352
3008 11780
5178 9338
1318 9172
9499 705
2424 11595
7332 11065
15139 2584
9070 10832
15064 11125
6730 4167
9518 14551
10679 13137
12389 1513
11726 3531
8281 11274
12555 5496
3307 431
8049 10358
6999 11638
7786 11871
15602 7312
14012 3514
7761 2758
2351 5763
2333 1352
13401 7716
11327 8727
10923 8163
7395 14532
5585 460
12560 12139
9400 5076
2129 4897
8706 6233
11481 11608
15885 15252
12929 6943
7002 5477
748 1760
1772 7555
14653 755
1436 1656
2155 871
13055 8342
14857 348
5559 14319
11374 3183
8019 15794
9553 7738
8575 15193
13971 13527
3711 11676
4789 7902
8013 6029
10312 14455
9673 8081
13996 1179
2331 14190
2607 1973
15469 14670
5224 8017
13384 14083
14046 9195
5421 15587
10175 11585
15518 2260
10792 13184
3136 1321
1972 8654
5744 2390
9434 6427
14161 12972
13006 7426
8673 4099
15221 15347
3920 5601
141 6445
14488 6499
953 5556
13881 14040
10514 12062
1910 6259
14295 6851
15270 13797
14640 8546
526 3214
15189 15610
2595 10351
2881 11969
1689 10985
7335 4017
15859 745
8263 9805
13998 2130
11440 12915
14013 13366
14143 11948
4053 6432
5933 14768
14704 9723
13171 2983
13226 4778
13620 11058
8909 8058
15736 1441
15921 7932
11054 7932
7636 11960
6224 4785
10015 3633
4336 11197
13520 14468
2255 771
7 2080
11502 4398
5765 7845
7522 2415
14927 13046
6136 713
14823 3899
3842 4773
9021 13553
9263 9343
7991 3420
4514 8003
15458 3090
2936 13797
2859 13162
2907 8764
9484 1466
10152 12326
7973 10457
2539 9073
8050 3108
10561 10913
8033 13879
8079 1314
9348 15519
12269 0
973 6081
2510 11326
10751 15727
813 13366
5771 14856
7922 11351
2136 13734
15576 12839
5622 15189
4980 13301
5166 5948
3286 5152
14858 5592
15927 5522
3547 14427
16 7683
2052 13930
11256 12447
660 3521
10187 10821
14209 7457
3050 7283
1905 15631
7859 7101
4849 8202
10965 1187
5429 3766
9156 7517
4248 13285
11507 1347
8161 3050
1582 12257
14465 14514
2803 14593
7182 1516
13706 2801
12413 1792
1356 1334
3458 11325
14996 13446
826 3968
5294 795
7035 1315
3860 13545
6653 4648
471 14038
4503 4851
17 840
1804 22
5746 2921
12664 8162
10534 10909
12199 4581
7403 2955
13995 852
9435 7514
8759 2247
14140 2930
6037 10568
972 12930
3666 9327
12871 8254
11478 15586
932 5293
12278 662
1787 11167
11903 11596
4981 13491
1473 1134
12112 8573
12147 1638
8385 11603
9856 13239
3662 14034
6611 2919
9327 14826
2149 1214
9415 3273
2385 14805
7417 9969
2283 5713
14162 4377
12496 15805
10189 8756
1016 3688
10507 8635
5421 12309
4758 8360
10908 13700
10300 307
798 1116
2661 1005
5896 10444
3071 8622
10428 6009
5908 11764
8386 1559
6659 4611
15675 8794
2513 10345
1150 1348
3841 2111
7030 2623
10077 3001
13254 10935
12379 11417
1557 4573
7254 736
9869 7935
6342 5595
5984 2895
3943 15681
7801 13365
15560 3673
6543 9335
52 3183
7995 8343
3667 7202
1943 14154
2924 3435
6766 15640
13911 4921
10483 13901
15534 560
1632 340
9341 5419
15277 6545
829 770
2962 12691
13347 13429
15691 7240
11706 12297
9333 14492
2481 12218
1914 217
8848 8799
10694 10937
12916 5277
12443 9976
7288 1772
5862 7081
2708 13850
4219 5212
203 6880
6423 1907
6366 7610
9787 15638
8989 4679
13432 115
3295 9097
9206 7411
10230 6497
3464 10082
9387 1289
5213 1407
10309 9716
2534 3964
8908 2127
786 8961
10938 1472
11213 11446
11994 11627
1861 2295
1027 14493
10618 2724
14111 1621
13943 15343
11102 5208
13399 13349
8881 742
2050 13141
9556 3087
14556 13768
5916 10993
12665 1451
5402 12419
13008 5037
13641 10506
534 12792
10178 889
9330 11468
9221 9271
12701 7087
12448 9328
3594 15856
536 4771
5455 1738
9946 8978
567 9243
7500 1614
13400 2076
6165 2778
56 11088
10319 7812
9367 1669
7495 8558
4832 12861
9344 2589
10818 4402
9073 10341
7267 15047
9344 9758
2988 4589
11135 12099
13885 3374
5635 10326
1943 12497
1633 269
8226 4431
638 2769
13184 12179
361 9636
9606 7154
9354 6884
15824 11127
14132 7004
9515 13530
13738 8416
10922 8832
11538 11957
2542 2735
4276 14840
13240 3416
99 1553
15644 12163
13879 1776
713 10095
4123 10413
12287 240
2392 942
5840 13063
10444 1936
4630 6163
14953 6437
641 5353
3278 11977
13430 14902
11135 11236
2771 15191
3259 4190
11378 9091
14340 14577
6943 1816
14238 8890
14147 11261
1969 9620
5135 8178
7734 5353
3162 15895
15641 3080
10044 15107
8418 7889
5915 10263
7316 2
13840 7698
71 15782
4349 14695
8514 7153
4167 15765
11655 410
8968 3612
15916 5843
4070 5704
8716 7026
2972 11594
11708 8153
11843 1123
12396 4798
13442 15049
1974 7919
4334 7942
817 3989
8204 3755
4776 12999
1187 1717
15354 12976
14748 5445
6083 9823
8466 385
4996 15543
15320 1886
14555 2192
15489 8989
5929 10687
13409 6911
983 4048
4068 5497
10455 3544
6975 12601
5492 5458
15970 7358
4782 2138
12606 1220
8655 640
10151 294
9611 456
8997 2925
11245 6050
12384 9979
8393 11506
7567 9398
11965 3703
14666 7828
14248 9032
4604 15353
10572 10177
2770 533
13562 14700
5225 13807
3350 15342
14774 7027
4378 9819
11473 9160
9925 9391
10751 3184
283 4332
118 4221
6586 1984
14810 11781
553 4110
12266 12305
1014 11984
1786 10299
13024 11331
1244 13281
10817 15869
522 7682
6821 3344
2826 11925
2730 6449
13804 10045
12142 10063
15552 6175
7299 1951
6711 15605
14403 14427
15508 10833
9593 11352
1156 11280
11591 8150
59 15631
15898 265
14945 11274
13204 11139
754 10006
991 5768
9720 12122
10177 821
5441 9329
10660 2510
8621 3783
10451 238
3265 4385
14261 12486
3543 4076
5514 11659
4280 12622
8199 15502
14741 8473
1428 10168
7377 10073
3045 15683
1876 7001
14846 13908
11801 13923
3447 2446
1488 11421
13255 4154
10467 11936
8720 3172
13201 3993
1381 1751
14864 10676
5972 9055
14034 12076
1829 10755
8255 4865
7172 6517
9859 2528
15485 8265
14046 10210
13298 3752
11430 11936
11190 15264
3938 2322
706 1257
10456 3218
1885 2298
7845 13778
8688 1921
5700 4515
8452 1465
8729 2703
13666 1342
4477 8383
2833 10860
10385 10370
3905 7545
3167 2798
4022 743
5640 1579
2609 14957
13707 13215
5669 4479
2985 292
9168 1979
6824 12997
13587 729
13201 10096
4407 12471
13285 1070
14464 2016
5538 14963
3811 6215
6389 1475
4791 18
13438 8043
12976 8656
13728 7811
2700 7172
12195 6108
15142 6446
12497 6518
556 1571
3316 12821
11232 13689
2608 7655
11051 6538
11414 4631
4889 2997
14412 9083
6385 6832
12057 12111
1242 403
11642 15851
14746 3576
6872 7502
10849 11830
4621 1465
12871 3218
3141 4965
5917 1697
9201 11622
10941 2673
2084 11962
13002 7863
13711 9185
3032 13050
5868 10031
10925 13793
10337 12960
6128 6320
10163 13887
13020 6780
5271 11452
5726 12444
13197 1305
13642 1405
11399 2818
10167 7458
10728 260
4097 5482
14521 12863
15242 15505
8342 12316
13982 6832
1516 4757
12139 1314
8679 7906
11841 7899
6508 15013
12440 8317
15066 6212
13367 6682
4446 2076
10771 4042
9508 13253
11236 15101
13090 2911
4485 15487
4682 4211
10094 10414
3879 14702
15805 7188
698 8064
1417 13699
6522 8077
4590 13405
6976 3294
2364 11191
14347 10263
12784 10183
12985 13055
6222 8341
3499 530
3708 1968
4683 7471
5347 6930
9094 1308
640 213
5393 5746
6136 15695
15115 10305
6155 11324
2165 2551
1777 5162
6769 4177
2223 597
15749 1727
13083 5326
7721 14774
5122 13479
271 3625
1436 15286
3203 8300
2417 15951
7119 12680
5852 8661
203 2244
3006 526
4739 5909
5742 11750
14706 15050
7104 15149
892 2588
4125 11296
9160 967
9663 10323
11721 12217
5656 7284
2237 12475
5257 10387
8491 13622
407 13944
3805 1367
762 11777
3191 7477
1564 13982
4687 9892
14855 5168
2419 3315
13344 11709
3046 15093
588 781
9526 11049
6762 2803
6449 5328
8062 15736
2337 9986
7146 11490
11084 5661
12736 5422
3904 4350
5597 1694
9987 8232
10131 14233
13404 7481
10180 11823
13139 8627
1533 2152
11871 11433
944 4186
5729 1868
3572 5705
11028 9009
5734 11527
2077 8836
493 10135
6819 11663
14278 320
9131 3560
2751 11950
14145 12071
13867 605
14367 9084
3553 3399
11139 11854
9519 9856
12367 13300
15066 5733
5810 4100
10949 11647
13771 463
10401 8910
14789 7863
1957 9984
10821 2120
8345 12795
9905 15681
1312 7138
13471 11919
9900 591
8373 6172
3523 3423
14311 13569
6885 2589
6087 4227
15901 12804
7018 11107
3582 3743
13467 15113
7625 7014
5220 10687
10383 1248
8547 8434
11071 9888
8360 8500
3361 6966
8968 7381
3195 9525
8442 13139
8691 15142
15950 12357
392 98
13817 1570
7801 8233
12018 13896
12126 10256
15461 15691
1972 6683
3649 2473
9975 4644
10887 6239
2298 8816
9271 3784
14532 14315
8450 2317
15825 1048
13042 14517
14564 13550
14562 1094
13828 5565
4745 587
3760 2920
6167 10641
8731 9590
14185 12952
2330 8372
14375 1556
1596 885
11674 11907
8594 13478
15591 9209
8334 9934
5588 3432
6659 2737
5466 8652
3528 5005
13597 14273
9844 11222
13154 514
2229 15114
6447 10499
615 1207
2162 13522
10993 3097
3121 15499
9179 12932
11872 14933
2896 8544
1809 11356
678 12311
3014 1105
10623 1135
6647 2028
10070 6898
11030 1588
9450 6390
15209 1010
2100 1111
9515 7557
6078 308
13748 4078
9625 8610
13004 2861
4885 3190
11219 4240
5407 5553
6399 13357
2814 15594
1543 3429
2031 11796
4399 9482
9906 7182
1021 12697
13752 7704
903 15457
8107 7094
14004 12530
9223 1311
12553 1275
13783 10910
3109 8662
4836 7173
11729 434
9092 4573
13854 13738
1577 4695
6055 11817
3716 2973
2110 9936
4144 6653
12798 3529
4968 10859
12541 9343
14176 1617
7761 1167
8978 10633
13523 11777
15204 7250
366 982
17 15570
11445 1777
13034 15820
12147 4611
2305 10941
1569 6910
15446 11559
449 790
11412 14103
13597 1147
14213 15894
6176 1871
10141 10692
7524 4731
9508 8879
12373 14373
1982 13586
9484 6733
10208 3645
7965 5210
8470 208
1029 8705
7612 1196
9203 3982
15187 7044
9078 1731
2269 5511
7659 8859
8399 9993
4033 4630
5094 941
9020 13233
12358 10825
12483 8975
5839 12842
11032 13357
5726 7705
1899 8273
13283 12565
3677 13725
8455 8296
2761 594
10740 15343
12823 5447
2594 8289
8668 3788
9668 13651
13698 14363
11652 9474
15958 14941
6062 6718
7293 8034
13022 6993
11550 15172
15053 303
13954 4041
5149 13383
8332 216
5659 5787
1720 12634
2217 4999
15413 5377
11829 5280
7641 5941
8288 9621
7035 12665
2184 8378
9484 13276
465 8336
2834 3580
13948 12650
5992 7925
10400 12552
2986 5024
10364 3331
4351 7354
8869 4180
3223 12397
13744 9640
13645 2293
11691 8064
5421 14495
15926 13153
6942 8758
3776 8275
7968 2416
15738 1188
9153 14001
8426 13724
3077 3885
6181 1309
15518 11949
9155 13669
9817 686
6879 3168
3931 478
15728 9670
6191 424
11872 15669
10639 1112
9349 14959
10114 2791
7844 2341
14067 5254
12375 3716
12449 5479
8546 11220
14461 47
6666 3770
14868 14451
8684 6937
14434 6694
2562 14955
11491 9601
278 3194
7372 10627
11839 15817
659 5135
11577 1398
3283 13366
14790 2100
11896 10004
13072 12425
793 260
4128 14786
12546 276
8811 7230
5076 319
13049 9288
4755 14476
12752 3448
7892 3849
3357 9940
966 9582
9187 3498
8075 15278
46 13364
5998 5428
4086 11912
11103 10167
1667 14922
4505 5494
5557 2511
14194 6173
5982 6066
15660 1788
15327 7065
4668 2741
12812 7156
11997 15004
12105 2504
15556 2166
12165 7692
5985 3959
5909 3938
3079 11161
14576 9196
6745 9212
8749 2311
2306 10623
12801 785
11865 13375
1691 7990
13598 8142
10366 15657
7570 3001
9760 2184
10026 10347
897 10095
12934 9313
8045 15555
11928 8371
8846 11984
285 3317
8206 107
1080 11100
5838 10624
4846 8358
5984 2259
11691 9710
5431 7128
10550 7468
8698 9065
14761 8124
37 12703
2902 12157
6936 8610
3018 10413
666 5110
9520 13436
6524 8405
7627 4517
9185 7402
15697 2963
15557 7162
12697 732
8747 11220
952 11770
7203 1971
8478 2302
14312 3223
9532 4721
6186 9409
5757 4776
10760 11921
4682 894
10216 7849
8489 6658
12639 11947
5583 6681
15013 14293
9636 7042
15173 6111
2736 14171
8355 9672
8397 1477
14065 7940
13464 8984
13880 12399
7858 7549
11234 15161
1393 10095
120 6209
12278 13232
575 9715
3448 15522
10559 3688
4019 5157
6270 2330
11199 108
9375 1095
5072 12906
5989 150
7273 10892
14003 6717
12813 14805
12725 10924
995 5829
3565 1780
4649 3839
8398 2578
7089 8713
3309 9583
8647 6159
2263 14696
843 4529
9374 7244
594 6585
12205 5353
13004 13280
733 1542
6589 14846
9376 5247
13223 971
7164 13506
637 15691
12545 13433
11984 12318
15648 14441
2266 576
6978 6553
10250 14986
1631 11472
6020 6255
1000 224
14533 5844
11626 9344
12679 734
12488 15015
5182 14151
6739 12429
541 14380
2836 7452
10946 14990
10262 12622
8812 15023
5093 5810
1972 6564
9304 5388
14459 1962
6995 8349
11946 5928
2066 1603
8250 11660
5757 5113
4231 5732
3214 8201
4930 12938
2099 8889
9637 2449
1187 766
15182 8151
15000 12047
5761 8597
8460 3861
11600 257
13578 4033
1610 14451
5132 11871
5493 208
3336 3630
13954 14269
2589 8911
4603 5042
8194 951
11233 3337
9949 12262
15351 1970
9282 6542
2519 1974
3713 1622
5373 11135
6612 4839
2190 11466
1932 4546
9218 9652
12321 10634
3506 6994
9493 9537
8948 4040
5211 6718
3259 13867
1023 8825
2066 14138
7063 12069
4045 13208
9563 11943
12256 14514
5893 2853
3877 6270
9844 416
14806 10604
5287 14759
15381 6037
8746 5359
15420 3290
3402 6542
13366 3222
3110 15372
14772 7879
6065 13211
6264 7382
10117 13816
11863 6436
12106 9313
8591 7826
14893 4329
15739 9669
5659 13531
2909 4198
11561 6872
851 2681
15477 377
13646 3785
14232 11886
14853 4756
2515 7
1310 531
7992 14461
1143 10979
1331 5736
12548 1413
13520 13916
15272 5072
15334 9223
10219 14342
65 9542
2939 3714
3315 308
9807 15482
1561 4562
13948 5256
7594 553
6148 5119
3721 2889
3819 11916
8942 9906
1829 8387
14335 4117
12214 5755
10473 7435
1827 13453
11706 10260
5653 9897
1345 696
8165 3277
921 1209
7963 10207
5237 4630
2238 11348
7769 12169
3706 9463
12384 10966
15253 13663
15460 4293
2714 9372
3190 550
10012 67
15891 5270
7171 9553
2150 2430
13373 2447
3123 10887
2900 15820
6113 4178
15550 3375
13200 8817
5642 8863
3217 14743
12366 11320
8278 7760
3195 8535
4519 685
7891 2693
4945 15019
9480 8232
12210 14042
6171 3106
281 13474
4268 7238
3881 13705
13898 11691
313 10429
2097 6198
14081 14907
2857 14289
4722 2443
5498 15670
331 5549
13489 2281
10444 10710
7174 9190
11798 7816
357 4186
2927 1819
3524 11669
9470 11144
5067 13128
9019 5973
12701 14241
13599 532
6979 4528
3553 274
1558 6675
6054 3381
5359 9746
2758 9222
10209 1655
10829 13970
7910 5121
2916 8868
14953 599
3501 4472
15601 11244
14146 3357
14419 8558
15255 7934
9941 2690
12187 487
9996 15052
4187 15557
1530 2870
11015 10061
4662 6922
12055 2426
4836 15738
10467 5444
12775 3119
15996 4213
8167 15633
15592 7506
13138 1513
14502 2602
4484 7402
946 2771
11020 386
15944 14986
3794 874
15012 3609
9756 6252
11621 13125
12824 1127
1448 4768
2914 9401
1861 4649
10389 10444
7869 897
11506 6792
6665 9321
1369 12941
8153 7099
7610 7619
1688 9155
8401 6491
6991 4252
6325 9704
5148 12452
15291 7543
12927 6905
15435 12924
11992 13498
3410 7696
12830 5003
1744 367
6316 1430
13197 3928
4538 15805
2112 5866
2087 7858
10204 7658
15099 10466
14641 8509
11340 11083
10092 14624
15300 6935
9125 4631
6469 4164
11375 5964
10260 11755
7964 3035
4287 14796
2647 5915
13094 805
9230 13837
3748 5379
7594 4585
4125 7457
11760 15519
11388 10699
14351 15350
6142 77
9758 11115
7259 14426
4765 10482
3483 8910
1348 10658
9696 15698
1652 10750
14179 10602
4553 10903
7982 8662
4439 2065
8621 12199
486 4022
2957 3696
4806 14882
2514 1691
9260 8132
12688 3830
12417 11717
6549 13876
13228 7625
4997 11882
1170 14896
505 7506
14068 7296
6636 8851
9237 13076
1815 3051
7313 14666
15948 3367
4622 14480
4075 5855
10498 6117
13708 4162
5740 11580
1971 13960
12890 14311
15071 6316
5456 10526
10875 3267
3266 1521
3242 7202
930 3331
4680 2840
1157 15486
5206 12226
14179 3869
8867 13255
14677 4969
1153 2911
15715 15267
10585 6814
8873 13863
8023 1138
3099 2274
14701 8370
7401 9363
11630 5218
14292 1192
11408 11252
9980 10528
9732 12950
2815 10843
13883 5350
5755 2278
12768 2509
10991 3195
365 5336
12869 13280
13889 9140
9273 7905
4039 9994
2811 2330
14968 11418
6597 10465
14225 3244
12187 8604
3430 14367
11674 14400
1335 12719
7773 10849
3564 14400
7715 14741
3976 14653
11484 7619
525 8288
6729 1013
8322 12879
274 11185
