6363 5057
10227 11555
11753 7557
6403 12512
5040 15302
10679 10631
6071 11766
10326 14662
14078 4557
7725 305
7398 2421
14981 4028
10437 10994
1368 959
13161 2659
10826 9280
10581 12991
1245 12262
14717 12366
6124 1283
8181 8361
9331 1686
493 5147
13281 6887
11088 14500
11010 9366
2525 7503
1920 1324
6292 10057
385 12167
7033 1473
8991 14401
10792 13482
2452 12250
3627 2096
15918 4615
570 5649
13743 7397
7910 9459
4655 1159
5606 15136
13612 14965
14016 2623
14479 12708
8932 1493
1860 12347
13803 6380
9365 15187
8972 13533
4960 12895
6238 9683
6101 6290
13409 3112
7225 9500
2674 8996
3056 5581
6292 14387
2325 12395
1485 12384
699 11308
13533 2732
13462 12983
11920 777
7975 7801
10936 15671
7393 3756
1338 414
7937 203
6828 574
5665 8102
727 13754
14248 4526
14238 7511
13413 7688
5432 7220
7907 4422
10403 3394
7187 12191
15113 1216
707 588
3337 14203
740 4170
625 12297
5074 5575
3579 6747
5334 10987
13370 5499
12683 13441
3218 772
2023 7245
5239 2332
15632 6685
5695 7332
379 7762
9990 9353
14483 10235
4880 13207
3381 12463
6712 1163
5512 12616
8827 6872
2890 2771
13124 2179
5505 9808
1845 6711
1547 7366
7855 9583
3353 15822
12905 4609
5658 10721
3899 868
6708 6184
11845 6896
6924 8806
1457 11874
2563 7375
14498 7761
9848 10420
2196 12033
13077 7211
4033 1864
824 15327
9743 13914
170 12456
1818 10796
2838 15764
7888 12519
15943 11846
13653 5783
4359 5238
2527 5593
2199 11004
1155 13274
6128 13344
6588 863
9555 2848
3967 11693
4332 5617
10432 3148
4747 728
12128 65
4874 5502
7594 1161
5687 15436
6192 7647
2767 4028
10367 165
10842 11917
3829 9819
15727 655
3755 4088
12100 6653
15830 8208
10509 14419
4684 10805
10636 12915
14051 6979
592 10670
15200 7324
14405 12377
4892 12819
3265 7594
2992 4070
13202 12900
488 5547
8322 4105
9871 1544
10201 3239
15303 3472
7839 12134
14259 1472
7702 14072
15772 5216
6884 4815
14754 10135
15307 5858
11393 13932
6924 7605
13306 2788
1288 15334
3416 13171
10789 1497
3446 10644
6008 12961
4793 5911
9038 3708
13226 3359
15940 9957
9089 12029
7075 5982
6188 6838
4648 14197
771 1091
13580 7329
4946 3345
15617 11490
1626 2355
13424 4719
3460 5143
9029 4800
6043 1543
941 3199
8029 4517
9932 10947
6095 13791
15045 10815
6960 8734
8776 13614
2652 587
9199 6782
9172 7411
13564 9041
3882 6231
3404 12562
1162 15058
13958 10428
7626 13963
6261 8199
1175 5579
13650 549
760 1596
12827 11728
13737 10224
15154 7659
10611 11450
14224 15667
9350 4185
3086 15362
4592 6405
1682 230
10479 13595
11634 13869
10497 5669
5870 13818
5214 5356
1791 13885
1453 6393
4538 3481
5087 15234
4448 11127
2180 14239
15990 15123
4288 4241
10121 11952
11262 7510
15589 4942
13351 11728
14184 5641
7899 1125
11012 11562
14724 5795
14834 6183
14718 13486
4928 14987
1382 10188
5219 15565
1053 15104
4212 11158
15574 1465
14989 5557
14192 1282
10453 3780
14050 5079
3135 14455
7644 8157
15522 15961
5992 3539
12835 1613
1156 15353
15321 6821
6126 12481
8728 14631
1578 15738
14742 3898
135 10211
4061 8573
10844 3959
11699 4139
5591 13027
9918 6035
11536 1161
4395 5394
10160 6926
2472 2989
10662 15408
13841 177
14022 13544
15352 8369
14859 14803
7254 12420
13808 7216
5824 3363
10026 14024
10395 7037
11550 1217
11967 2309
15500 3734
8590 2939
1189 2146
10842 15657
508 15579
8048 15041
684 11186
4411 3246
9006 14956
2497 12568
11650 7233
10617 99
14051 89
11597 448
786 9535
7645 605
3383 7049
2490 3034
3801 14091
5549 973
6565 8825
13275 3775
7530 13968
4443 14448
4859 1550
4479 6731
4263 3316
15008 11044
2298 6978
8064 8564
13976 5513
15791 4364
10394 4396
11298 6327
15959 11351
8270 8466
9228 15583
1571 855
1373 13141
382 7282
3946 6849
3351 1699
6850 3161
2249 15960
9609 1320
5127 14169
13423 3100
12393 1702
4369 296
7452 11603
11786 6122
12380 13178
3972 8317
12517 2915
10296 14512
4993 5800
5849 7705
1358 2160
13318 4130
15224 12311
1549 1480
6340 13448
0 11183
10115 1959
12585 7849
9832 4300
12276 3505
11977 1900
13834 13066
3239 300
6671 6179
6777 5018
10660 13751
99 11657
13487 13752
14248 1599
2007 11785
4649 13825
7452 8629
6949 10487
12831 8390
5711 5113
8086 6790
2945 13014
10327 4464
12460 8333
6065 12964
6679 2751
6184 14946
1128 6576
6403 8883
2635 4625
12009 845
11569 4285
6350 152
12310 14956
8893 9497
2912 13228
2912 6756
15410 3403
12994 2642
12295 14827
3480 309
13234 11435
7288 10274
15899 5680
12577 5824
1798 4927
13035 13304
8822 3861
9058 5484
4312 8278
10444 10705
11331 6344
10177 4866
9978 3632
7484 6064
192 256
6301 4349
7428 9675
9456 2952
5834 7457
11076 453
947 9057
8764 14760
14014 3684
8594 13613
13887 4517
6323 9882
14226 8834
8397 6352
13639 13309
5720 4816
1302 11319
516 9517
6926 3477
11635 13031
8318 11717
11740 13213
9456 9234
4153 3805
7493 13501
1341 2067
15716 15404
13832 4174
4520 9169
4220 5586
15578 15791
5356 10579
2367 5890
13321 1883
2466 12779
7525 14374
15206 13847
7363 3607
9074 5337
9551 835
12887 3217
8861 270
549 8688
13926 7687
9948 6843
3111 14357
14892 7879
7936 10151
11305 2312
884 15227
10599 9348
187 11555
1349 1941
12020 6676
13803 12191
7679 8209
13760 233
15177 11114
8359 2810
13946 11992
1818 12555
345 9161
3014 10916
13692 8073
8271 3379
3170 15277
13920 10903
4924 976
15931 5182
10868 5196
12942 1677
13038 9417
10622 5458
12592 8768
10790 12416
6092 2121
1596 10089
9501 4853
13411 13961
4322 1175
7578 6273
86 5626
14497 13580
6816 12638
13140 4715
626 15445
2131 12211
5191 8394
993 6497
10983 5998
508 10752
6287 8394
12983 6246
1869 2051
10340 4056
13618 10502
11126 3936
5241 7229
11789 15000
14526 6419
3259 1383
1479 8364
7418 11140
10521 3602
14929 2298
11817 5251
14998 13074
2365 15571
4549 790
11992 185
520 610
1846 14865
6050 8417
2789 906
2109 8943
10386 9386
1851 10919
2998 4964
14438 2448
5229 2395
4278 9229
4532 10341
3467 2165
8625 14690
11950 14919
13734 12621
1031 9843
11874 11722
6912 444
5613 5074
9123 819
6191 15774
1782 15249
2480 5911
11727 11129
7663 7070
11907 10019
11521 5419
3008 13139
2453 4014
5707 10940
12991 9826
6593 7125
12825 8228
1857 8324
3822 1738
10508 676
11789 8249
9730 7381
4341 6520
2494 8436
1887 13515
1681 6156
1458 2834
6921 1580
876 9971
762 6090
5883 14089
13779 5184
12166 9935
11278 4545
8690 1331
11449 7327
9056 1122
7658 4029
967 10146
3692 14007
8304 10055
9394 9114
7770 5052
5612 13236
7196 4998
15611 4877
14446 8594
5681 6921
12986 12349
3217 4685
13612 9632
4982 11528
15436 11916
5796 5617
12034 1778
807 13395
5150 1301
5238 11060
7494 801
2039 3862
9727 15536
7065 4124
8985 428
5837 8555
11469 6393
11922 4906
10012 9360
6949 6294
5401 6590
3106 3085
12421 2614
15404 9793
11329 9565
4098 5420
9986 2694
6130 14887
15925 5123
11015 3211
11499 2353
2681 14483
14904 8621
10778 11719
7673 11512
1081 6090
11352 7296
5010 7874
9846 12380
320 11776
801 11570
13875 4493
12858 2736
9058 14153
1928 9092
6980 9372
14052 5721
12679 4965
8607 11553
4656 12534
3041 14323
2240 6733
8626 3371
15165 6870
4009 6012
8454 7064
4756 13449
6318 10477
15137 8059
9797 5957
9433 6463
3842 4673
12259 7960
13193 5152
10608 2559
1066 11841
12887 1576
12912 10811
299 9837
11707 10575
7578 13941
5722 3014
6861 4836
5067 1173
3322 12871
14980 2895
9827 14591
15607 4110
3052 7730
2522 5968
3480 11340
13204 3244
4231 10188
9396 7419
4655 15394
15084 15674
1344 3760
9468 417
9898 7802
1150 2887
9182 7079
3293 7674
11682 11335
7254 7995
8240 10011
6622 5213
11412 6191
10766 15356
6172 286
8837 9373
1178 18
12704 220
11939 3231
8523 4979
11987 4575
12838 3527
11711 11066
2286 10888
4005 1135
3993 7206
659 2058
8391 9485
12587 7933
1038 14675
10979 14381
5556 7860
13116 9565
3046 12200
12237 7732
4096 6235
6169 14994
5979 14825
5857 10903
6159 8391
539 3469
10109 9159
13174 4642
12956 9306
10588 10224
7909 14620
11183 2617
8158 13585
15638 9697
4720 4106
14618 3768
5573 10483
6096 6475
7060 10490
12199 8999
6258 11202
14541 11323
3201 4009
2707 7949
1791 9831
2734 11384
15678 4542
5765 14457
15383 12855
7542 9655
8775 10869
9632 6899
5960 5684
15119 15641
4249 12750
10052 14126
2506 11077
13860 8085
7172 2055
2134 8145
14108 14629
8913 9778
1205 5605
14752 10560
14798 8424
9441 15353
13479 5811
2130 14953
3063 15400
3775 9250
4222 3523
7260 15886
11428 15804
12076 3722
9866 227
4365 6455
3326 14241
6190 1252
13997 6072
13515 14405
3061 12183
11980 13248
3954 6168
10180 12648
12464 12557
12204 3113
5282 7266
1720 8142
11798 3982
13653 9571
9469 1779
12163 5043
2860 4592
2314 5810
5482 8106
10744 5414
4687 4219
5193 5104
10531 482
4434 13414
5004 2497
9712 9468
7293 7008
13572 14470
10862 6027
13414 6493
13944 6725
8498 11470
3904 3798
10589 240
13582 8993
10105 2231
5324 175
10158 2295
8122 7358
800 8513
14775 9875
6773 6822
10875 707
6955 727
428 8195
15659 1370
13042 4934
9433 12591
762 14072
10676 1907
13193 5001
13806 4623
7898 12633
10937 10231
2704 1089
11459 2618
6838 7219
9172 4977
8396 10630
12059 14223
11752 4822
8215 2353
453 10385
10221 12089
3576 8133
12014 219
2260 2231
11619 12218
5625 6234
10617 936
13752 12573
7143 5077
1053 15526
8242 9626
5186 5365
3367 1752
13014 11247
11684 8956
6171 5887
10923 13250
7511 1287
2796 14697
8509 9767
2362 8370
1627 13766
9371 1755
10946 8632
3483 724
7778 3988
9391 6834
5031 6564
5431 643
8690 12376
3597 9454
9229 14612
9070 7075
7439 15125
8579 10486
625 8857
5661 2230
11358 8519
14127 476
10786 6252
10694 12458
15322 8355
9870 831
669 3470
3769 12691
8044 6737
3841 13074
7251 75
3398 3572
12144 14631
203 9367
12888 8606
12956 8923
15384 4285
4229 4115
4028 12134
374 14559
6963 9410
4390 548
10988 15857
2492 715
725 5231
2879 372
1864 7271
11680 2707
3569 5395
13604 15043
13825 12542
5725 1286
4292 10462
10581 11609
1082 10349
11735 217
12907 3670
13503 1922
3670 814
14727 10474
3071 4228
7942 8438
1878 1853
6133 13479
12392 11694
2419 7642
9182 3095
8433 13757
4546 2295
1530 28
11850 3929
473 8430
1895 12334
2624 4277
9926 348
5707 7120
2536 3397
5303 6435
7620 8887
7024 2464
12193 14340
768 13799
11340 12309
13094 11792
10372 3902
6245 4922
11493 13407
12882 12090
5950 13074
14331 10226
4613 6748
11171 6785
5889 935
5018 2674
917 10626
15188 6794
13959 15793
12266 2202
11339 13987
8917 11130
7178 5201
14930 3292
5725 8348
13730 15202
9248 13537
11387 8846
13831 11977
14826 10483
4930 7675
4143 5528
14732 14153
14787 2436
7466 14542
2028 10343
14088 5464
7503 14486
14420 10540
581 8979
14084 3320
2797 3012
8844 6378
2489 15493
12125 4026
3990 284
2520 8277
13149 9732
660 10068
2289 12301
9493 11177
4637 13145
1343 13222
3946 10472
10873 4940
12329 3495
2581 4182
1983 15694
13763 10959
6939 7440
3191 14624
3349 10715
1885 7067
1007 9767
2731 2336
4274 4485
901 2795
14410 2904
3250 11718
11230 7168
7132 3913
2833 12209
2528 5870
10552 6754
14913 8291
6682 2489
9460 5775
6146 15700
5663 4750
4074 14088
10737 15714
7648 13089
15269 13651
7935 11172
5297 12265
6243 4467
7381 1356
1815 13253
8133 11391
7893 1433
7781 10754
5728 13429
4416 13505
10411 1522
12878 10922
7771 3253
9141 7775
7644 10278
2685 13162
15835 9656
10049 9561
10856 748
1607 911
11531 11304
12090 4548
9075 5471
4289 15435
13436 8849
7681 12120
8264 6215
10987 11181
4820 6152
6289 9022
2635 12917
13935 13207
9 4864
44 10269
3327 8126
7707 3660
7604 12704
14897 4677
11389 10932
13604 11778
11511 14488
13776 12428
15410 11748
11948 5603
11895 5151
9155 2926
9628 8909
7405 7866
13715 15108
13203 7328
13357 6775
6402 8181
3305 3569
8506 877
10473 7056
7098 473
8780 15611
7675 12622
2472 15653
10777 855
5006 9572
2625 3960
15360 5757
6944 7289
15882 14391
7719 3110
238 4938
15659 1771
12832 9247
9022 3525
5672 2758
6970 10793
14007 4373
10233 13872
2164 6401
13384 14395
9173 8943
15836 982
220 7122
6709 3472
5343 10741
15991 3527
3450 10988
4969 7510
15324 8110
15958 4512
3191 6643
14263 10840
10733 3384
714 13198
12999 3404
2664 14095
10250 8714
15821 15694
4322 15392
5400 11618
3289 9195
14946 9569
9641 9163
12675 4368
2720 11322
13282 3704
6593 13246
5904 12611
5537 3958
13069 9104
2089 15210
9926 10584
9049 15451
10306 1042
5794 9138
9495 2046
9665 11700
10557 3880
14605 2209
11746 10482
5259 14682
8644 1561
2986 8290
1565 5831
7130 6546
1988 9792
14186 10565
12460 10241
6941 5211
10784 6550
107 11606
7478 4014
15723 2850
3990 4509
1876 10666
7996 6543
7555 6654
4785 11173
5161 14708
12147 12174
2533 11883
5749 11275
7155 7288
5727 13471
9315 9813
4859 1219
6929 14154
15742 1493
12040 4770
3589 3320
15551 10138
11864 7209
2067 960
13043 8171
3803 12341
7125 3632
12795 12415
13551 14338
5281 10229
4425 2903
12186 6651
7379 11367
12112 4212
15085 8275
12590 9108
990 6578
2778 3448
13652 15157
13829 13920
10686 1650
11718 14142
4873 4971
5868 12686
2017 9192
9996 203
10639 10442
3636 12173
8433 6542
3513 250
11996 4214
12779 7498
1718 418
4835 13231
9819 11668
9780 10480
9122 8710
13561 8373
5525 14373
5426 11948
9644 8576
1110 14494
2829 15235
6221 13372
1639 8902
15314 12349
2352 12504
14335 3413
10321 6044
3634 2910
9904 1735
9414 6312
10610 3970
2402 9575
9306 12695
3815 593
12736 15545
11266 13591
4425 15684
14071 2282
14227 9471
8374 2172
713 14571
8262 9189
9847 14934
625 8458
9410 6611
686 5108
10362 12525
1160 3859
6701 1077
8244 3238
10169 11777
11452 12518
256 6266
574 11689
12404 7701
14283 217
10845 13349
9746 12666
13946 7213
9181 4722
6819 11742
6496 1431
2055 11841
14811 3288
11671 13741
4542 1575
3334 13436
4245 14356
5662 9007
287 10028
6214 3690
13707 8779
14633 5997
14892 5230
2255 5316
13383 12462
15239 7180
8469 9844
10653 6375
3041 9411
7156 6567
1052 207
7610 4403
14260 11203
7816 15257
7188 4546
4078 4466
13216 5058
3536 2205
3127 2007
14290 7575
2170 383
6040 5526
8227 10969
9054 4775
8409 12200
7847 12450
8106 2341
15002 7348
15140 10543
4512 2698
2906 1028
14207 10262
14784 5698
1280 7403
2435 15868
10185 3666
6364 15578
3015 1689
4309 4876
10399 12502
2440 168
5878 9889
2981 3962
2261 12189
6919 7268
11128 7485
13342 4120
5571 15503
2938 11752
561 7551
3184 5582
5702 9223
3607 15085
13724 2759
1762 3844
2688 6654
13037 11415
15765 15545
8449 8599
11698 3476
8723 15589
190 9367
15211 1752
981 10626
7773 13712
1472 3814
724 2357
3397 7940
4952 15450
3540 13120
13577 9785
2999 4612
8839 5831
9034 15032
4354 15404
13157 9988
2399 11588
9104 11485
10422 9698
8589 8911
14285 7407
13734 443
3526 5524
4420 14971
4469 13040
268 5479
10018 12691
6649 8449
6777 12139
9912 13350
5237 7133
11528 5054
659 9730
9222 6092
3614 12763
4648 10774
12730 14738
15303 6895
6618 10878
13736 9339
13049 673
3951 5117
5300 3339
4639 10920
7553 576
13014 7097
3067 15006
821 5336
7415 895
11081 7823
5021 4418
188 3
1286 12666
14791 13791
4283 15552
12875 5837
1413 6706
343 4206
7840 15827
7202 7660
2562 693
11701 4719
2773 5229
3110 4413
15227 9773
15154 8397
6860 12916
1283 14508
8228 10468
14505 12312
9541 2504
681 10362
11810 3430
8472 15191
5617 6783
1761 1967
11908 2260
10513 11668
8027 9120
6030 3370
6948 15675
9918 7153
3840 7399
13483 8379
5255 12596
9981 9978
1091 3759
6685 12014
15089 3976
10114 5785
10295 8697
10154 6009
11736 9471
1327 14304
5321 3951
14754 13119
8488 15220
10846 4585
9873 1325
1291 7668
11909 14106
14321 11385
14506 11038
10619 5102
1073 14181
2809 3751
12274 6027
11668 9976
2007 13945
6448 11154
2981 7553
13887 2691
12739 11172
6363 3416
6460 3427
716 11420
3504 11698
667 4069
5399 14963
4813 11895
10265 4982
12417 9707
4684 1585
649 11835
15357 10555
4930 5892
9694 15218
2894 950
12756 10910
4832 2781
15666 5670
7238 14679
1800 13022
13123 12855
6359 13731
15130 14998
6747 578
10493 12062
1317 1794
12166 4779
5124 10989
6229 2340
6461 3055
675 8161
945 6200
4125 12012
15028 13039
8104 7335
11455 15671
6494 12697
14982 1549
8256 2768
7419 5717
9309 2680
13799 14127
2690 7320
11841 11080
6061 384
6462 7761
6891 12573
14206 4908
1458 4609
818 6202
9083 3449
6720 273
5568 2210
2102 2296
3743 4632
8783 15998
4596 9506
13307 13283
10705 10631
2606 2979
12282 6843
12678 15767
31 484
5875 5952
6554 1129
14191 2871
7520 1028
13631 907
10039 12421
3669 11076
12635 4418
3411 4577
4814 3846
2288 8859
14128 14982
2101 2138
9281 138
610 3670
14458 1854
2580 9606
12132 6381
8403 783
3229 8597
2560 7630
9180 11326
13364 3342
11233 9581
9527 12978
261 13610
6177 5953
3351 7707
10097 1595
6964 13030
6036 10715
5534 7254
3162 9406
3509 15886
2454 2387
7572 11949
572 14936
5876 7672
3541 12854
13340 9930
6150 10831
8695 1489
8802 841
14987 10207
11506 9858
3479 15649
3755 12968
3950 4444
6278 5354
6886 11203
4261 493
5217 8572
10552 6644
8894 5778
12699 15003
11588 10327
3325 8183
6337 7899
10050 10609
7794 3437
15060 14920
7052 12656
3117 1766
6294 8910
1824 14185
7529 120
9155 8692
9524 14150
13856 1846
1487 10893
12295 7282
13138 11062
11550 368
14359 13921
11887 14660
11001 8460
8684 11222
5240 12517
13318 13946
14987 3056
13057 6304
6034 14273
4684 8083
6275 13337
3864 10560
8016 6232
15271 10933
9882 8540
3031 1726
11089 1369
12885 8694
12655 10283
2237 2430
4880 5267
8990 4620
2155 3712
9916 12539
5015 10278
15850 15907
1115 1549
14939 10275
10950 2486
10288 11328
11 1771
597 4918
79 10865
2599 3889
13866 14911
8085 3649
4555 4076
8579 8383
9364 11095
9985 5955
280 9033
12989 4190
13917 6320
11837 6336
5508 311
1989 9294
8601 817
10753 9995
15938 9194
559 6172
7260 11900
10464 8118
5034 2164
11424 3610
5967 11460
9593 4571
8948 1126
15430 6332
12429 8459
13039 13066
6566 3557
2402 9999
2608 6219
9909 544
9600 12890
1109 6434
8625 10721
15554 12215
7856 6545
11563 1512
10648 9239
4246 5706
14771 12703
10945 6675
523 15189
17 11033
6698 14376
164 4196
11874 8285
4714 4314
3351 14232
4768 7334
3202 12227
3971 12017
13880 7239
11755 1429
5898 11403
7637 2741
14246 9418
2362 3534
13303 5052
7112 8910
9826 8596
588 277
14121 2563
11612 10239
4706 11315
12633 7080
3390 13314
15354 2092
13251 10840
6693 6117
7044 13042
13786 15606
9896 8204
15869 14560
1123 10940
157 4297
5696 1031
11039 5217
14902 7776
3198 8610
4420 2449
3677 1934
2006 686
9096 7685
11569 7627
3455 9943
3431 9917
2239 12884
7619 5284
8824 6702
7822 15751
6231 7292
9381 13032
18 15406
615 10257
11358 15020
6578 5530
5184 10410
11377 8745
15983 15565
14766 6426
8408 12062
7271 4390
14010 8399
4928 8734
3702 12842
15247 4813
15708 7207
14533 4826
3086 6590
5815 12797
6734 12142
1661 2789
15649 4225
6310 10285
8121 7191
11660 12070
5950 9504
11296 12472
3057 11132
1369 13005
4831 5121
372 735
2518 13050
8633 9124
3411 2289
5162 12764
1429 5221
14727 11728
6292 14139
1087 6666
14507 3660
10359 13919
15613 4282
2021 4913
3813 8431
10134 12710
11574 8485
10722 11349
12243 14329
9507 2721
10633 6046
1506 1927
5577 4053
3975 1593
2185 6407
5844 4640
8931 14442
8855 15189
14310 1025
2000 1141
5805 6960
4304 5389
6965 2262
11481 7848
3995 15976
258 9646
13259 14188
15600 8208
7787 13802
15302 7284
10704 10218
10068 1410
5464 1412
139 6815
2045 132
13285 14403
3112 15220
3168 5601
5371 12112
147 11666
11916 4538
615 11683
3406 7403
7810 8733
8291 9883
8145 2773
15862 5895
11358 10853
2055 5497
11459 10682
1322 10882
9585 14019
2542 9678
4724 7992
14712 15741
6119 5880
3139 3377
11593 8950
3399 13832
11108 4306
4626 2415
6638 6073
2900 2742
1001 13437
7955 14811
13488 12051
4345 13178
935 7609
15984 937
814 2645
14370 2633
15942 2014
11838 2225
13762 4021
5832 12044
11474 12892
3998 1461
13588 15006
11650 14296
9234 9921
10032 14707
6349 3126
2099 621
9103 15485
4262 14882
3664 14261
483 14079
5575 3555
6212 492
7268 1778
6154 15765
10342 1608
842 14933
14372 15168
14950 5943
11353 10266
3432 9681
8189 59
9212 9671
13886 6717
1685 2445
7692 14226
12270 9439
12983 8294
8369 5081
7603 4784
9809 3141
8175 1831
13626 8145
10462 3788
3685 2985
6007 9460
11380 2674
9372 14289
7960 15214
8564 213
5227 381
11541 8144
15029 3084
11849 12952
11491 13727
6485 7452
8610 14252
12478 6055
5924 13600
12393 8251
3004 12183
2115 7473
1090 15436
11472 3166
10538 7008
14566 9917
3902 2207
6301 5651
1506 10112
6934 12681
11798 9051
11587 13963
4391 12067
5235 276
204 5067
6963 2763
8115 14073
7399 6727
7176 13129
14405 3761
2531 3793
3971 8358
5803 2635
2857 5142
13957 10094
6988 2453
2375 12680
8397 13433
12048 10564
3080 9096
5316 5730
14730 8644
1133 4447
3569 14420
11606 10395
5374 9765
2602 2312
15395 15834
7497 4798
3719 11015
9930 2156
733 15212
1510 2603
10686 3231
15566 9607
7098 15707
5715 14393
5832 1320
13563 5444
9447 13884
7592 10699
12064 9656
4229 14799
217 14742
12041 7826
3877 11160
563 1631
3213 2915
11587 7814
12141 2601
9513 8833
14828 13289
9408 183
3585 6945
248 426
10421 10830
11705 7469
328 12905
15602 15051
7907 12905
4788 7425
896 12725
11428 4559
8673 11595
1073 153
1311 15679
15690 14184
13689 3717
15743 847
6942 14108
9338 10253
7349 1875
14341 12351
13015 15059
297 14054
6733 15485
10480 11470
1947 13646
6900 15069
1097 6373
6072 5203
1581 446
8762 15073
7644 10097
12996 2758
6595 15819
12478 12463
2709 9990
11917 13661
11243 4289
3699 6765
15106 1603
13855 12035
7707 11159
8108 3111
11103 146
3095 8708
2348 13833
9355 2623
15424 14258
5802 11310
1929 7153
10847 8002
15334 12091
14206 1479
6403 14484
8763 3891
12829 6106
14836 2295
14740 2025
5764 1789
6113 14084
8454 9608
4006 12975
6366 5321
744 12520
3878 685
8748 8721
10328 5362
8743 10574
5083 2278
1353 11951
194 4500
14342 4248
3487 1142
3620 12405
1940 9351
3763 9401
6701 11416
2013 3893
4256 9859
12689 3930
15927 2898
8161 15676
10208 6511
12784 3163
2391 5482
10560 4282
2212 9626
9956 10326
14362 5579
587 8654
2018 6857
10121 8985
8216 11288
11210 10013
5230 3380
13094 12420
14076 5673
10827 13808
1288 12958
13944 11885
5898 13659
13969 5160
12160 14986
10686 712
14211 9748
12502 2777
1709 6532
207 1354
15499 3143
11732 9376
9902 13303
9071 7773
8287 13580
11593 7650
8149 10778
11823 6484
12101 10337
9603 8803
15559 9106
1339 12459
11763 370
7876 8166
4476 7829
5134 5088
12159 771
4015 13497
1923 14116
3598 14546
12509 4473
371 2422
12763 14414
3138 4921
13354 14972
3215 10499
1536 10954
8369 2095
7539 912
8093 1610
3350 15201
1324 6586
14360 12156
14335 3578
10802 8734
5939 5543
2839 5420
4545 3669
13882 3700
2476 10009
13385 10172
14576 1779
473 10160
15193 12871
892 8588
1549 1629
5841 1129
7017 3517
15051 13033
11266 1712
4933 14153
360 348
4035 15711
8450 5780
9227 12339
13526 11744
10517 4426
9243 766
4199 15185
13199 13794
11719 3716
9766 14709
5467 15298
8248 3455
2835 3357
806 5933
8399 11716
4772 2907
8846 13196
4918 4392
10815 9177
4101 5999
4528 12661
2990 4029
5185 2503
5337 8113
15657 7496
14888 1109
1091 11536
12246 7247
3268 7813
6922 15442
13977 715
13795 5652
3069 1822
6471 10193
435 15476
6308 3007
8720 12492
4258 6457
12211 98
7988 8808
8034 13064
6577 12492
6591 5234
242 3546
3623 7701
13339 2085
8221 12175
12143 11404
1722 15895
9821 8818
10871 7580
3450 11053
14537 15748
12457 2889
6419 14092
12365 1569
4630 1866
14529 635
9315 3761
3200 4706
14434 11082
14339 14845
11650 2792
3140 6564
9376 9947
2241 699
10602 14785
3634 3253
5984 3055
447 5872
8188 4008
7636 9725
14272 11635
10479 13337
4817 3037
9323 5074
11926 4657
9432 5716
9038 8854
14045 9007
5993 14537
3823 76
9661 2059
12566 4389
9539 8362
7634 2905
4700 12395
11631 11950
10857 8251
13306 300
4833 15906
11003 10207
2814 2997
7052 2259
3506 11724
3822 10331
8803 11511
9247 1845
11840 12583
10185 8314
13693 3487
7187 4362
15482 13008
9938 11272
12116 8973
2284 7061
7373 15762
1105 9542
1815 1652
10364 836
4149 4011
549 12802
2749 10095
2630 6280
518 5881
1562 7289
4825 9131
15940 2070
11214 1269
12763 10269
4732 8984
15352 961
14244 2443
9850 739
3505 8797
6667 4157
971 12279
15938 4182
3322 9189
13163 12972
11589 6371
9796 9509
3527 4587
1009 141
3330 5293
8898 4092
9554 7907
10424 732
9287 9791
846 13907
8824 9065
10228 11258
7637 5320
7118 11253
12066 7329
1329 5445
11395 2983
2110 14960
12263 3927
11215 2466
15806 879
10903 1785
9214 7390
5230 12564
10542 3700
13932 11733
3288 3027
12399 15990
14137 1045
5320 8105
8118 15387
8849 12102
10690 10974
8717 4381
6392 4341
3590 10114
15093 15104
6208 13719
2523 4351
7485 15487
10378 4099
15788 11850
12967 8736
9508 2449
1965 8916
11083 15749
11770 408
5371 7160
3614 3192
14848 10093
5323 14957
15481 8640
9297 14251
11829 8433
2041 1786
1815 7423
5125 14543
2033 3635
274 5836
15785 10595
4596 7237
3592 8514
12222 3773
6870 12344
12948 12966
9786 4209
14012 3635
1977 10
6286 5630
14061 14402
3174 14334
13776 4321
11741 1928
4731 14218
5365 11503
11993 7241
11017 653
2830 11177
10199 4292
8164 1876
15266 14476
818 15818
15055 4176
4358 12484
3051 7479
13362 5029
6235 12367
9773 1561
3312 1303
10356 12288
10113 14848
9774 14968
12541 7762
15375 2887
6920 4103
9694 9303
9208 8078
10667 2149
4795 640
10233 12495
7828 12563
14661 13382
10052 2837
9586 6400
10456 9239
6608 7466
4792 7376
10962 890
6380 14964
3884 14520
15307 781
1032 13052
13225 5069
5567 10098
14324 2144
13435 1191
14212 13415
9727 10741
7423 9875
4622 10815
15791 12729
8771 4926
13264 2994
4236 11061
11774 14256
4566 6286
13138 4024
7189 11781
7914 15270
2021 12933
14037 6402
4350 15917
10574 317
6637 563
2072 8170
3857 351
8431 1549
356 8181
15638 3774
294 12792
11930 4319
11723 1684
4199 647
15909 10029
11866 9795
3232 8859
9700 2041
5994 12263
13197 14689
11711 10152
7749 12597
8848 11434
8384 15076
14133 5851
14235 13668
4365 12849
5750 10751
644 9642
3887 9759
15336 14996
4046 9634
5530 3913
1334 3930
2093 7990
5424 6544
5985 6146
11905 15337
8082 9185
8148 15993
3803 6001
3972 8313
6691 8423
5468 2499
2768 13555
13169 3179
14018 4960
9307 4377
15979 4268
200 9291
8797 15986
8913 4566
8110 5153
1040 5144
9291 11262
14212 7497
3137 13966
1081 395
7378 9667
5503 11955
5481 9203
2635 7815
11969 8958
10536 14279
15419 4765
574 7237
11778 13956
4651 4082
4224 9647
5177 12642
8485 15077
11717 10262
14623 13899
8232 2713
10616 5849
15533 6351
7604 11095
7150 11647
13681 5271
3115 3346
14667 1366
4590 7604
9969 13668
10872 11177
15176 4729
8510 6766
8565 7449
13473 15166
8195 3279
7967 10773
12329 9076
11108 1538
2667 2824
4028 9242
4777 13250
10867 15486
9917 8721
8551 1844
14438 12605
7733 4454
11010 12495
15696 280
3960 6337
5108 11183
10735 6713
3090 14536
6566 15347
11453 10458
3902 4060
2030 8233
7218 10409
162 11806
12545 3000
5613 2913
10171 9078
4378 11176
891 1131
7032 14230
6852 3001
12937 13970
3495 889
7906 1939
12113 14389
14548 12826
5876 13934
4641 4083
13638 14785
12907 304
4664 3055
8011 7410
12606 13863
15670 6184
6212 10116
11147 7807
2605 13618
8282 8594
10582 15564
8531 15673
3841 7283
793 6664
4616 9954
8877 13496
13389 10387
7996 12783
15074 15572
2339 9285
10405 2313
5194 1193
13381 9815
6307 2781
9329 12774
9339 4242
11789 8468
14175 3530
2299 910
486 2547
11142 10789
5534 6222
11202 1163
3442 3067
2818 6094
12740 15602
7967 14286
14946 13909
8169 10321
15646 2591
14130 5436
15660 14905
13667 5698
5766 3195
1476 1308
6532 10017
13547 9069
11117 633
13777 14218
863 2592
14462 4953
10136 5358
8007 13759
8358 327
3556 1612
3032 328
14482 7628
12676 2976
9072 1859
6734 130
2252 12146
15967 13300
3814 9114
4946 4310
2627 11305
2512 11367
3155 207
2126 6294
6565 12174
2955 13420
2723 3848
56 3743
5298 7366
8475 968
57 12221
11364 4209
10522 5226
7295 1673
15332 14222
14632 9928
13885 11481
11507 11294
7527 6061
14493 15257
4832 15063
10457 2397
5532 2513
13464 1324
2611 3401
6603 994
15399 3597
9275 4624
6017 15230
5057 2901
15849 3231
5240 1056
4152 15445
738 10426
9746 1258
13337 12718
14442 14934
11607 5319
7606 11513
9541 7979
4785 8606
2141 3283
2441 4813
6283 10955
11796 7851
10991 11680
4687 5786
15981 2065
8092 14264
11781 13530
7943 7277
5478 8210
4931 5155
12400 11255
6409 1385
12950 15330
9959 13951
15724 12973
14452 12024
13783 13798
4981 12439
8992 10816
14040 15988
7489 3503
12167 11556
9576 12293
8279 15404
14893 5379
8046 7088
8981 10744
6352 13686
4201 8248
7662 11297
8304 5470
9056 7827
10672 12341
6008 15508
1134 12684
6397 2394
10606 10484
6221 12876
8082 9181
15364 8125
2936 5441
1001 14119
11504 12439
1080 2898
3314 7596
12608 24
13230 2273
15269 5667
8695 13312
7647 7106
9287 14215
11532 7871
15293 13143
7368 13125
15247 2932
11352 8218
3964 15283
3562 9207
14272 4431
7501 6859
8243 9774
3281 5622
15725 14867
84 15276
5867 13960
668 7817
9330 5923
11890 11681
8106 4189
10199 4634
6342 1635
6827 6033
11013 1334
7570 13712
6400 2137
14387 6963
9263 3498
11957 1103
7334 1296
8951 9707
14087 4412
9972 5757
12566 9429
6243 5140
14547 11621
1853 4914
9590 290
2246 4281
10749 2165
6078 9512
11239 5288
13045 837
12207 6458
15715 7248
10624 7244
13609 6792
5989 6990
130 7525
13561 840
10937 14230
10362 13442
3213 12780
13995 1342
2225 7747
647 8901
13565 126
4967 7948
640 4929
10379 12430
5060 5191
6721 7740
14332 56
700 735
5045 10767
4598 13430
3897 6613
908 6740
5632 7364
14265 8939
9366 14244
11070 13446
635 2463
1785 9437
15559 9371
739 13162
2646 11667
4954 11999
7582 240
11872 12184
15431 10504
3951 1923
11122 3236
1718 4180
7245 6987
14025 3998
3437 3132
6443 2691
243 6904
11096 1753
3044 12283
11316 14690
3641 1032
13481 9166
15256 2511
8630 12722
2125 1472
13108 7379
15827 11848
274 14882
523 13319
13802 5186
13433 12842
7934 11980
12581 3125
6049 2182
15907 13165
12628 9233
4672 5385
3853 12768
2350 7195
10284 2127
11709 2616
13224 10451
12809 4981
12014 12048
1429 1058
12141 4156
6894 5876
2998 8808
42 7079
15020 10020
1834 14628
1968 8714
14902 10421
15813 11011
3170 13303
4711 722
5375 14686
11182 9871
3334 2590
15654 1068
4650 14970
543 12354
13967 14359
14091 6045
9098 2807
9596 287
3369 8215
13794 12072
8293 11849
13372 4219
7357 13189
1697 3851
10095 2797
8433 1752
3815 6910
13753 5334
1336 4400
6152 736
9507 2540
6853 9217
14205 13131
5820 3457
9980 13800
14823 8590
13433 5218
9547 11888
1227 11650
8060 608
12931 9562
7341 13248
8110 9295
15625 530
3506 5189
8763 6539
1082 7463
8304 13611
5661 6939
8029 9563
23 7682
5302 355
11505 2950
8767 15868
10368 2361
940 13247
1255 640
14238 15982
9936 15873
6660 6463
5759 3933
13492 13756
10514 7277
7228 8595
7772 6151
10140 5901
12454 10650
10781 5367
10541 9237
12921 13558
267 10967
13527 8321
7866 10998
12270 14904
817 14266
131 617
10192 14936
14196 12856
11077 6517
11977 12072
2995 8745
2137 5305
7388 1594
143 6133
3068 10407
2447 14307
13645 7815
5775 2486
9446 8050
10961 14856
4213 4132
7686 6565
14854 9373
15962 14103
2634 15739
9912 1035
5910 12849
5656 10639
11538 4811
14657 2312
6592 12787
141 1856
7928 4366
8711 6038
4448 8092
15415 14645
10657 8972
13422 15720
15392 14485
3514 5232
2223 4907
5434 11625
1438 9713
9271 9703
5273 8365
6579 2931
15127 15
9351 14460
4194 14569
4856 13852
8806 5773
6893 8631
7502 4737
6960 7025
3273 6655
8431 12176
597 2927
10244 2125
7764 10894
2348 4024
11757 13859
6245 5104
14442 12916
7577 8919
14932 10633
15999 12105
12681 2860
8589 1247
1884 131
10217 7586
10003 3366
12341 9811
10730 12705
1865 6757
748 4082
10398 7863
4411 13173
12424 2690
14995 7824
10198 6456
12177 3947
10498 2354
3725 6767
4929 4207
8117 876
12826 12674
3866 2648
14776 8016
9729 6042
4529 14917
6409 15218
13801 4489
4659 7120
2497 4172
5004 1815
2649 15152
4420 3721
11149 1955
14772 10313
3584 7186
6498 15953
11924 3334
12279 3625
3088 13880
9229 14855
5985 10783
14373 7826
6620 11447
6685 9738
12945 3485
4130 2423
15326 13161
11782 781
15480 8537
8186 10185
9247 7447
961 1565
3284 5904
94 2036
12430 1441
7897 8554
1082 22
1797 7212
10358 11746
12943 6793
8237 7954
9869 13085
4723 4116
5925 3777
4026 6484
1228 3467
15355 13780
10698 1140
1056 2885
9030 6108
7307 11427
775 15853
8037 8961
1176 7539
5642 12442
11783 13475
8301 10706
2791 11409
2776 10409
4539 12111
10870 4201
13297 338
13343 9018
7071 8583
15937 10230
12151 12072
2300 691
7708 13005
15703 7149
3367 7796
272 15030
5831 15468
1379 3598
11925 12083
11638 2054
12766 2937
10446 8293
13624 10668
14983 14907
8247 1765
12922 13405
4121 13545
13567 14485
11857 12470
3270 1523
14253 5070
7704 12247
7967 3727
12930 10461
6791 9391
3830 11503
12937 5593
12372 13731
9657 7507
1097 12702
4608 2636
5076 2910
2402 5286
15696 10047
14977 213
2171 1397
13285 10958
9134 11151
14336 3872
268 309
12430 5181
13601 14357
12895 6928
11141 14066
8396 3074
11838 2673
15403 12264
3519 12115
2074 15797
11390 3161
7202 2528
11313 15672
13551 6013
8971 12414
11848 12711
589 9929
3167 6952
13590 6199
6657 12788
4628 936
11813 12982
1645 10250
3684 3576
13259 8994
1419 12964
6395 4990
6840 1059
13056 1136
7379 9904
4615 11649
4299 3667
14918 9548
10603 7528
499 14533
10904 783
881 15840
13068 8272
11713 9452
810 6523
3336 6981
14205 249
2170 2243
15076 10313
9397 8219
5069 4459
6048 5342
1099 14800
2192 5981
5427 13703
2699 4065
3618 12977
11728 8866
10107 6282
11720 14716
232 13553
8543 135
10655 7248
8794 12285
10229 2452
1010 10349
9292 7888
11726 13584
9541 1813
9241 12860
4970 15923
13116 1239
3528 6077
9734 4139
11059 12372
13483 5036
7911 2006
10434 2369
2539 11555
1124 592
12361 11469
2877 8926
15772 15016
5963 7262
7058 5645
11466 12561
12498 9004
14077 10915
7321 5604
15018 14250
889 14441
14893 3570
5134 4226
12351 11199
12743 12071
5823 5529
12746 15761
3789 5414
10178 6733
10171 19
4829 902
12163 8236
15499 1553
6014 1881
11292 2618
11197 156
14921 9200
14389 8688
8646 6753
3467 6685
5274 12061
6032 11613
6416 11288
7225 12811
5341 11617
884 15946
6828 1399
11281 7160
1544 3160
3817 11307
12574 7484
1505 14191
14866 13898
10190 10198
11722 7937
7152 10953
7249 10927
7467 9856
6148 8629
12924 14893
2921 11228
13855 4674
3917 285
12995 6013
9262 11811
15067 1008
4193 7758
10977 5132
7136 14313
9216 11588
4217 10883
10531 15357
14522 13220
512 9503
11243 7742
3807 6162
1323 6849
12264 4040
13842 5828
1786 8278
3460 6207
11000 3912
1470 1741
13520 9974
5786 2986
4401 8453
12328 15833
3504 6031
5902 13429
14016 14962
5532 5550
10484 5596
11924 7930
5813 5280
15565 9910
13703 8643
5776 6374
12197 7097
6962 7279
9640 13531
1948 15714
11890 8427
6628 10928
11685 7315
5784 13563
14097 3119
4619 14408
14106 2495
14304 3401
10014 15848
9177 3372
14622 4118
8942 15750
7087 2304
777 6620
456 14554
5917 5405
12749 3612
1531 1571
10494 5688
13310 14751
4536 2352
15761 5769
8531 7388
9710 7064
1963 1584
5139 12169
3820 5897
7298 5353
15234 13249
15663 15511
2874 12530
8215 2001
5844 14269
4381 9187
11222 13215
11325 15799
4484 3636
3547 12007
7805 12980
8553 9580
14419 13234
11037 7777
1981 5658
10276 10704
11186 11641
3413 660
3476 2455
9191 14306
2692 15916
3026 13106
8775 6920
12083 97
2128 15475
9425 8966
9170 15772
201 12956
2746 6382
13054 6534
5015 4657
606 2071
174 1674
4721 2263
4784 665
12049 14042
3971 2489
12045 8713
5447 15680
14364 8863
14904 7822
11899 241
10800 203
398 452
7387 2541
1726 2558
13463 1534
5303 10020
13557 6870
5322 7433
10123 12633
1284 2346
3023 3293
3960 10778
14887 3989
1964 5078
2402 2583
1496 12676
3312 11658
4514 14081
11404 15934
11958 2969
3843 1951
13326 15504
15289 15391
6136 4089
404 12023
10589 10946
13955 4535
4269 15142
15191 8659
12864 6121
1712 1984
10792 12238
15036 500
15057 12845
13630 4004
5355 1658
2433 13436
15604 9586
2231 13760
11613 796
5758 1823
13720 7739
9647 9201
12234 2208
5963 10047
14116 2895
11431 5289
9496 5497
7109 14294
4573 3658
9786 14619
355 6001
10784 5036
35 1586
2924 1772
13792 959
3985 11507
14987 14114
5948 6661
8809 8038
9678 9860
10781 15301
9488 3394
2466 11841
849 1147
413 2963
9078 13198
10887 10259
48 710
3701 14864
9932 1135
4162 6290
5572 13912
713 2286
8604 167
1553 15083
4126 7469
2773 9433
9102 5362
4981 15844
12105 2502
12148 15919
14491 1037
13195 4944
3709 3191
15595 5592
11950 460
655 11749
6536 3193
3103 1016
2216 4686
9975 6827
3498 1879
12741 3455
5371 8981
8291 2419
8584 1834
3115 7590
387 6029
12235 13961
7866 102
10531 1969
4120 12579
11063 14963
11531 10567
14306 5233
13980 13027
7228 7458
12785 15066
11492 9276
8954 13555
3677 3810
11750 12970
14686 15342
2939 6218
6539 5667
5584 5921
10415 15482
10739 4936
10754 299
10687 2534
15979 11681
9908 14549
15225 12285
12888 7408
13386 1343
1204 7682
3667 13799
2212 8688
956 14477
11315 6858
8588 2062
6587 15877
7796 7925
10524 15316
7056 4824
1925 13841
9907 15679
5363 13092
11020 3591
10064 8330
11354 9746
13763 13286
15139 11154
5934 13292
8926 6218
8392 4945
7588 7815
6930 9289
8420 7491
305 8423
15867 6935
11606 3536
1284 12269
2375 5552
110 10806
6987 9915
1745 11124
2578 15022
9593 9685
6243 703
6584 5178
10611 668
5414 7965
8533 6477
14682 14867
9131 11840
1362 2461
5983 8351
14985 3307
6215 6697
15090 13980
9850 7711
851 1158
3877 13710
972 10940
5900 13290
13694 6347
9939 2195
11727 10711
1357 13286
303 224
14485 2157
5806 12639
5001 12935
14309 11958
2001 7316
5082 1774
10500 3557
15162 3723
5438 12539
13533 8340
15078 4661
5074 145
2845 5749
6882 10677
8540 14356
2006 11313
11480 13270
1189 3923
7184 7826
13556 4724
3745 11651
12421 1050
9863 2230
8510 2412
14789 15048
6330 6935
15472 12415
15217 5651
11523 14041
1800 6490
11701 3344
14029 1618
8988 12047
4572 2741
2662 13322
3215 13180
12444 4558
9205 15423
3581 11900
3661 2160
15990 10529
7592 2279
11488 5389
6104 9538
4196 7279
73 3946
5122 7468
7100 270
9011 11165
9809 15437
15909 14548
7709 11354
4649 8747
11342 14608
15285 1929
5429 147
713 4879
1142 9963
194 1876
2146 13857
4742 6493
6767 4033
8948 9245
1657 8714
13521 13024
12438 13167
6625 4976
14028 13701
11917 3518
7132 13905
13032 6637
2147 9063
9896 13550
14279 6911
15402 12656
369 8291
12417 8422
15920 8098
11405 15027
2672 7450
7553 63
3155 5255
11215 10196
2603 15124
6351 8352
313 7849
5315 14751
11966 11604
9972 5836
4540 4728
9805 4086
7743 5718
11114 2736
4854 3865
600 7187
12185 6607
1453 15309
7771 12026
6493 3997
14427 7315
9184 4188
12791 5668
13339 8966
15584 4521
10440 11167
13950 6074
1471 13001
12565 11024
2828 14775
5473 14208
411 12971
6402 10364
13322 15395
11909 110
4449 8860
3536 1247
11329 14349
12082 9435
14729 5671
7190 8448
5686 7433
9377 12720
8556 3388
3100 11050
3380 1571
8851 13125
1449 11671
8195 12727
1363 2321
6602 9216
15257 5812
14802 9537
3676 1879
15870 12184
5825 15718
13316 3562
2193 11943
7673 6087
11164 5036
7740 11335
2771 5801
4056 8595
1796 11032
4775 379
8671 15608
2653 4097
1106 5181
13838 10938
12013 12256
3230 1366
9219 12261
1405 133
4716 4507
3221 10044
9647 11035
5239 14388
9829 2887
14062 13242
5379 9858
2320 7014
6325 11949
13178 14723
3055 6750
13921 5919
3294 6585
9753 13637
6332 10193
7370 7467
2057 7937
452 8324
11957 10551
5716 11983
1961 6188
2539 13528
14486 12402
9435 8428
10596 7408
13795 5891
11300 6339
8173 13809
3338 3883
4673 7024
10403 9402
5067 10290
732 1848
13278 12622
5085 14514
15784 11870
3546 1094
2322 11497
10612 11084
3449 11433
11664 3671
13122 5266
9122 12980
7276 8529
5481 1218
5369 6309
5036 6174
13249 12995
3518 1491
1448 6077
11186 1949
3457 15545
12066 3900
5408 1022
313 9565
7396 8742
15810 13838
2850 1224
11364 7228
13120 2342
8238 11127
8332 1418
6723 610
4793 15748
2438 1352
92 9974
7275 1518
9232 1096
13845 2137
13760 13780
1458 8658
13099 13363
9701 6760
1768 2474
10535 12334
14631 4207
11638 13029
1422 12119
98 5671
7152 7142
14174 3837
1509 7300
5687 13865
14934 15119
3294 8769
7601 14361
7622 2918
12922 13216
12683 12167
5296 15811
7863 8305
3747 7005
12582 606
3981 14783
13522 8026
5536 5530
7433 3089
13424 2066
9765 11901
1778 10383
8896 8343
3365 15551
9597 2233
352 9104
5738 1752
4263 10375
11117 14251
6733 3712
4084 3360
13191 14331
13203 5388
9139 2821
15540 7525
7093 513
3882 8028
5444 13250
15250 1075
12230 3714
4274 13301
7118 13270
6773 158
5932 2279
13066 11012
10430 8670
8705 8059
13748 1512
12657 10248
1831 6265
10138 10256
7622 13774
10275 8034
9286 13091
13814 1860
6834 8581
603 11614
5346 13611
10408 7785
1088 13483
5045 15975
12036 4518
14269 1600
11098 8619
14263 14399
15831 2565
9001 13502
8358 14480
8598 15706
4264 14626
11148 1874
3703 7562
5233 6370
3069 12864
6836 2065
11041 11324
4289 4029
4234 2422
186 9562
11494 9735
13304 5532
14465 7293
13381 5971
14069 15625
5848 8431
3954 3568
11133 4705
2315 13394
14875 13863
7724 14998
7940 13241
11245 15648
3871 9702
15335 6144
8208 1688
8987 14586
7304 9781
464 1561
6320 1843
15591 12526
10420 2601
15889 15631
13804 9749
10583 6500
14915 3941
12512 7271
15657 1144
9780 15766
11009 10422
6911 13731
3830 6184
12683 10921
4419 7434
9228 2318
11816 6011
9195 15147
1469 13163
9913 8219
733 14931
3511 4877
11252 1578
5575 3478
4366 11375
3875 6628
1117 5476
12461 832
12656 3127
1701 7882
9905 1142
2294 5231
3140 2594
15302 7069
1007 5547
8532 14990
12701 15538
14835 13907
2359 559
8149 3481
8698 9857
8395 9214
10625 13487
15343 15921
5152 12530
6593 15175
2413 9107
9236 5519
14907 14433
9421 13264
9102 6745
8609 5233
6289 8296
3814 6797
15937 11730
11655 10558
7489 680
2760 13207
12047 10672
8579 2158
14807 7258
12281 11744
6344 5635
6210 14813
4485 1809
11397 4816
3440 9647
10919 11900
6358 2501
11038 10590
5930 1530
14113 5684
2901 9084
14468 2024
7916 2463
1350 7105
11515 11923
11656 4002
9335 8775
12882 7141
3346 1661
10378 10183
4286 997
7224 12964
7198 8945
11082 13843
1346 11172
6403 2618
15847 13309
11530 10677
12775 5191
8888 8492
14630 7289
350 1437
13639 13071
7647 7881
9464 2374
15262 13460
15533 8636
754 3422
3778 11769
7628 1913
4045 4108
251 4883
15646 4749
9305 4648
7680 1803
5006 3668
4732 1247
3379 14886
11491 14156
13511 7232
722 4373
14202 5836
10663 10621
9128 9878
14262 2388
12575 2128
3534 15925
13090 779
12765 12674
13344 7364
15526 14732
4202 2523
9322 14345
6923 423
9934 3093
15356 11080
13352 3016
10322 6480
14082 11916
5882 14981
2345 591
5007 5757
14699 3656
6562 2727
12355 5165
15384 15528
6446 14337
2116 8238
9420 6123
7723 8159
4874 10120
6504 9707
2815 13124
9489 9078
15969 4943
1167 2465
5242 5777
11204 5475
11666 1933
6271 15554
11921 10709
8404 10978
6662 539
14250 6160
11525 1076
11920 7030
6132 10471
3243 15577
5973 12678
3483 15205
3915 14447
11122 10756
8217 6309
11867 11641
14397 6660
13429 12626
4481 2233
7713 7073
8116 88
12703 14179
8712 91
14003 3885
7980 10665
4884 15913
8673 5502
7176 12681
13658 14697
1898 1900
6286 2486
3615 14918
10695 14141
15435 10425
15740 15511
1037 3865
4746 12514
8432 5787
11983 6976
7689 7046
6399 10044
12461 13425
10572 10903
10844 7830
6964 6476
3941 15145
5342 5722
8565 15731
1780 734
14654 10639
4571 14869
1456 7356
1919 6879
7849 2071
8094 1127
85 4948
7719 6878
1413 454
9645 7764
3672 6674
10851 4560
1587 6282
2308 4433
1475 11786
15321 10646
14031 14946
10093 12937
15299 12489
10541 5639
1443 5359
10442 10949
238 12442
13391 14912
5459 2884
7048 13771
3498 14038
11005 9192
6093 3122
6634 13909
11604 12092
10984 9962
7370 5181
179 13813
3826 15400
3878 8110
14177 7516
14859 9705
11589 13964
13960 716
4555 3431
2510 8840
9479 2861
15002 9957
4431 1433
10338 3026
10992 11008
1491 4665
6418 4957
13265 4090
11523 6513
6832 3053
2100 997
4778 5702
14760 1245
13985 15640
15435 5158
8898 6742
11167 9401
4845 5733
4168 792
13848 12850
2403 11100
14611 15128
8529 14227
465 5440
5207 1029
10160 13703
7960 3763
7044 6093
117 11094
1232 14249
6554 10388
