17974 23240
11145 29291
196 19018
27905 16491
30689 31204
5426 21170
10141 16916
22442 25231
8169 2371
18381 10555
10817 18679
7623 991
5504 29715
30914 632
20917 24940
15289 10753
2114 10960
444 13274
26928 29034
9053 20847
29447 18260
27139 250
17930 9182
28462 23346
34 22476
8388 14494
10812 7158
29893 27906
15298 22958
31315 28334
24568 10763
22494 21485
5341 19376
15931 2133
20699 24583
21271 26459
27246 4635
17056 76
9795 15804
10504 3104
13241 22155
17986 20002
22283 24159
18435 14777
10226 24879
31820 24050
18642 31240
12718 5694
13096 14385
4572 26733
20267 18437
11379 12793
4916 25337
3133 15744
4891 17358
26812 23657
19816 4004
26861 4126
3706 24503
25688 14156
8239 6664
2117 28408
11121 10861
15819 26820
26995 29576
12188 25537
14430 10139
8893 15987
6325 4325
10532 14536
22666 17493
6495 28213
14836 23231
10818 11085
31517 30542
24664 19127
4175 5763
1760 11195
16119 24350
17701 16445
13775 27284
13555 11510
2390 24460
4288 6523
30603 14723
5464 7037
13401 12654
14505 4492
766 23513
17880 18731
22589 26914
15388 24553
14183 31668
21461 29247
625 29540
13410 28011
6549 25295
30554 28473
28742 11325
31626 11750
6306 2348
7004 26200
827 21697
14567 21592
7237 21723
25820 9797
20344 17198
29232 9602
25963 25422
3087 26604
1767 17456
11920 2740
19813 6671
6222 5012
13354 9601
14673 9442
28340 8072
14224 10906
8952 11621
5342 18318
19594 26929
19980 24705
15899 7183
31447 10894
1999 31417
13034 9943
17483 11312
12028 7180
9840 22476
13161 27741
13497 14469
20447 14930
5990 18302
23516 11791
2841 125
18004 3259
22622 7078
23643 27630
26653 31334
5178 17589
28274 11049
30726 31111
23833 21717
16312 6090
17752 7845
27564 12670
1712 23171
12725 23521
16302 21022
1538 24403
2429 10868
13201 31913
3825 28198
19638 17372
28228 1390
24837 20850
931 10165
23725 24525
9877 4750
5948 4581
3905 31660
10700 11553
5404 15540
8104 30699
12256 1140
14017 3974
10418 15853
26418 10619
24475 26494
15301 22609
20577 15171
20796 11218
23575 22158
26302 17148
175 5338
9621 14629
6259 24789
30180 10674
7594 21040
22257 29297
20730 6433
31769 14748
18981 13246
24914 4375
13822 31424
11358 1684
358 19558
23051 20321
17735 8406
29989 18163
14460 10357
11077 16993
31419 8887
9818 12176
19181 28277
6027 5217
25902 10151
4833 3224
26946 24922
12803 11437
30078 9097
27479 14858
10436 9717
24593 2208
14784 9759
23885 9982
531 15009
6752 13551
10719 16985
31732 22754
3976 28298
2325 17213
10967 8981
17007 25943
241 25705
9415 31728
11650 9608
5751 22001
3417 29064
20487 18942
31134 20357
22467 1819
27110 30745
747 815
26831 533
16290 17335
6683 24123
26097 1330
16632 30206
23986 28854
17725 8427
28750 13636
3083 30119
6167 10872
26090 29873
21037 30331
18600 11697
22758 21797
27929 14581
18376 10657
5386 2650
13786 4401
11010 29013
18350 16124
29472 21362
19015 10160
28841 15817
25171 21546
19903 7817
3693 24483
5895 4567
9553 597
26195 19395
463 27299
15509 3696
4484 6637
28114 4915
13981 22464
2244 20514
12444 18806
1248 8482
10390 9315
19735 367
8959 18958
17932 24360
31515 21068
16127 7685
8556 19732
21282 17341
14771 18643
17630 8796
6850 14881
13241 15282
25338 28120
16932 23353
28590 11946
5942 16370
19037 11958
29933 1594
3106 27853
20926 5270
2990 18174
19804 3804
3724 1560
14204 23479
31227 26481
16875 13461
31956 31735
21183 29125
26487 16433
4968 4016
19492 23891
4590 23837
14520 12148
27898 30777
11328 1740
30000 2691
24085 21867
11604 5119
23736 16483
18231 22402
22904 336
10572 17774
8110 2731
7306 3422
5043 30291
21210 274
75 31890
29120 26830
2063 6995
5181 1652
4785 9758
4949 13370
18964 9722
4415 21879
20823 8772
26065 19420
15841 6695
5733 21105
997 7497
8878 5149
31968 5540
1853 15749
4161 27923
17241 6809
28107 6584
588 6360
3076 21323
1842 18787
17083 13888
23534 7866
28365 21010
30121 7622
6520 26220
18623 13266
11179 5398
10229 1744
9178 1144
9466 29264
31721 21990
4297 6188
8494 29757
2510 23483
1805 9748
2355 2578
836 9963
26752 7085
5448 18429
29110 12926
4119 16394
6365 11276
13745 17580
169 14541
12404 12393
24386 182
8016 25594
17996 28234
29251 7782
21721 29678
9494 5831
214 30950
4884 4374
9050 23361
30009 28359
30695 4193
26304 4771
31443 16890
5621 19655
12804 19748
13329 26535
20746 21029
278 15785
22777 12668
6024 941
19413 30285
12823 27904
98 5661
27542 15339
30312 4724
29438 20785
7401 24004
19762 28718
20121 9642
26075 5621
6767 17811
3106 15861
5903 525
27704 27689
18142 12681
8271 15217
21750 24054
27841 7841
10280 26167
1390 2698
10251 31594
3192 31404
10937 15402
3763 27897
17782 18316
19543 14592
13490 27068
16162 9122
8658 16067
8512 19809
1259 30563
30513 4310
25542 11949
19263 26873
9273 16738
27159 31923
20078 23777
17674 24836
705 24304
13136 18031
28992 9820
8358 22199
12227 7526
12105 18969
706 16908
5458 12380
4085 15204
13416 28805
26959 12362
8484 25811
24758 24176
26475 13353
16395 11443
16177 22547
31323 28397
12190 22237
6390 23378
20130 7945
28682 6312
17944 19213
14131 9182
17340 8892
20776 23955
18686 3493
4903 26435
2735 13726
8690 4499
12973 26782
21160 23353
20448 7776
8700 4996
20109 7090
2974 23980
1003 8311
15231 10949
25225 6420
22816 6825
4083 18295
12358 16087
569 4854
15961 7945
23690 31677
11729 309
196 8192
18703 29413
29900 27477
26990 31918
27676 23432
1067 4154
29707 31587
31568 16255
10679 15473
28820 13449
3059 4880
15279 29995
18860 8584
19497 19295
4013 2076
14716 9103
21715 10561
9688 13588
13224 23182
7187 21679
31726 21549
7335 2562
31171 22703
19532 27328
22680 1345
1 17489
26427 15856
21965 22334
26770 6203
7085 20271
21023 30924
16612 2991
18048 22500
23720 10601
11584 11915
28191 20603
24797 5809
13322 15502
26267 19618
24285 22408
6715 20183
11855 24764
8559 12097
11923 3559
6898 26169
19605 8570
15028 21670
27854 10022
8963 3044
6259 5949
20545 20496
19304 10600
26605 26191
11012 31579
29222 14125
3554 7674
28497 27942
26313 10891
9290 22506
13283 27427
31479 8271
2546 481
28495 18443
20297 7262
17160 4306
10422 21310
5929 28748
25424 25445
16326 25929
27697 23757
26402 28066
7495 31031
19094 5445
7627 6144
14088 10659
6040 16051
2416 21611
17499 316
8258 26730
24306 3586
1528 11489
16415 30828
18419 6196
8685 18570
3239 18773
10808 2675
30629 24903
15845 8885
14957 7592
2973 15885
16647 13110
28352 2400
22789 13914
14028 7868
12705 11656
16496 28264
10377 30698
3037 3630
24987 21034
27070 22652
14052 25918
12236 22720
19605 5970
21920 1343
13563 8279
15052 12151
15442 30906
6251 28759
15300 24128
12579 31437
14990 24749
17873 18997
5590 30980
22004 23346
6880 11298
11907 21234
29451 20315
16270 31677
21430 981
13863 28597
23839 17743
15267 4023
20243 3401
1075 15433
25720 26039
16068 30621
31784 14565
9602 18424
26911 13384
19132 30654
18629 30995
22440 16591
24625 20778
23586 21261
19111 10069
25707 30697
28072 11391
20139 4307
17724 4690
28232 30276
20701 299
31956 3558
21967 4175
29599 14807
19576 30806
8370 20736
21828 10730
27019 3510
12727 2087
4902 21606
28241 8787
2059 9443
30020 4251
18944 30380
19472 2463
17693 19635
5876 3735
21723 17642
15641 30313
28757 4617
291 27014
23297 11645
23021 5547
10198 27672
30659 24692
31437 9278
22495 14914
27887 6866
30996 10970
8485 20452
6068 6049
12308 8639
7511 10038
30177 3368
20954 29072
17568 13771
18271 11825
10903 2025
15677 10356
24205 19161
8727 6083
22365 30871
17258 26031
9883 4256
8624 27593
20827 656
174 2520
6839 19452
6284 1748
16521 7703
13353 1682
19717 2797
21963 19048
20965 14094
29980 28024
17050 6429
14989 20929
7439 11453
4899 31292
7612 2506
9483 22325
14011 15478
24883 26782
28764 21259
21232 26275
10393 28268
565 4944
4718 20777
13948 28574
162 21014
14501 13504
11673 16600
12633 20165
17305 31469
7338 19014
4096 14703
9611 10343
23081 18737
12634 18305
25266 27571
5145 16196
5652 19055
24371 28521
1187 21117
19885 10115
3142 12301
24802 13212
16524 9640
12066 1851
18716 22159
30960 26243
29294 10769
14049 17083
19662 22633
3759 15347
4302 29078
19510 5234
17736 14510
30134 5176
26033 8082
30136 2902
742 14246
27857 1397
11977 5796
22374 12469
7486 24944
17665 8342
8441 30465
22088 27227
23474 14852
12034 2149
27511 26223
25208 8004
806 11177
16892 15767
27232 19561
30486 12366
14122 31498
10934 2496
8636 8258
635 91
17779 15111
7085 5693
29223 841
15144 28230
28295 7107
5897 12848
847 22808
26911 422
12317 9382
12973 3281
1298 28430
2321 30483
9115 3186
31369 12469
23146 20657
17766 23681
26748 5569
3486 14765
7166 25742
8055 2322
5510 24408
29918 7782
9524 13672
23560 13450
13506 6831
3537 7922
13202 19576
9918 25134
14473 4581
26815 103
21339 22696
20407 15527
20672 9352
24901 5965
17231 31562
15445 9587
4569 14961
16436 20620
25280 16047
19470 8752
22355 29091
13264 12775
8689 8468
30210 3737
21091 29459
22585 1789
13940 31823
6037 18768
3472 28047
19409 17230
30871 19224
31845 20592
2293 3183
19333 12849
756 8413
7899 21854
18606 19747
8388 6428
8134 970
17561 2007
12298 18798
11532 26573
27816 12559
6046 11791
18933 19902
26215 27760
5011 30049
22843 3096
17682 22381
5252 31486
27999 24571
10433 29211
21629 14914
31963 26713
6804 21223
28758 29740
27985 27942
2795 24767
31337 28559
2507 490
16803 22360
31400 7224
18967 8423
15944 21181
7299 5091
14380 21110
27834 7641
5944 24646
19131 24527
3475 26590
24921 23079
7072 19397
8270 10373
18752 4251
5492 3838
10552 2294
21620 17223
31083 10588
10330 13620
23430 16901
20657 12718
16071 355
10939 12203
29783 29034
21215 30928
13245 13361
16233 11942
9818 12360
3780 26361
8125 24265
26935 451
1765 28527
20095 19499
3146 8531
1077 7977
16421 24572
16757 24193
25958 29360
16489 11995
30750 25513
2890 2443
11910 20644
17685 26641
30151 14189
25024 13649
17300 6051
22973 1484
22477 15994
18623 29944
28399 28934
7982 238
26501 2191
4697 28510
6626 13395
24599 5862
11748 14030
18796 28593
23596 23562
789 11305
26333 17891
26873 17344
13458 6559
25987 9896
23064 13122
3817 24308
9454 29516
14819 19564
16252 4178
18656 26583
6933 18806
20118 9573
3122 9252
8209 14777
28196 16996
28237 1170
18841 11744
7592 12398
31749 10662
21386 8843
114 5228
24873 3527
2757 28694
29755 2975
17627 9686
3714 13992
29739 11061
17842 3787
31221 18193
25191 27495
26699 10112
3565 12053
31606 9767
4552 13930
18798 18039
16057 6320
7608 12570
18356 7774
12661 25179
30358 19138
15670 9652
10009 31041
6743 20718
6512 12412
5965 17683
17584 9329
28066 5413
15226 8715
22694 969
1491 14062
29785 26998
4791 12641
22229 1064
856 7442
2421 18813
31686 29991
6844 9220
31202 30845
26102 3035
5570 1089
23735 12426
3276 31938
16808 18719
3539 22821
16015 6064
7368 21678
23232 2652
11075 30295
18608 15050
3075 6950
9751 28916
2707 31975
25624 5577
15885 6222
11740 12717
18686 24214
31546 1645
6185 18326
5392 18933
13860 5404
9199 31354
20979 10790
10833 15343
3002 9440
29320 31441
27755 21450
19598 23307
17086 24562
161 20271
381 6089
16870 25936
377 12315
21362 29600
12245 17943
8224 4727
9743 24405
9237 11608
25099 21903
14802 17124
6579 10211
5657 9991
6770 25128
17376 18521
28666 16178
22120 6937
23589 6015
25973 16896
24354 19060
8163 22292
597 6993
22099 23391
4600 29494
30480 18199
19664 19250
29658 4042
22764 15779
16320 21728
23344 24060
1101 4709
14904 11875
3601 29796
10634 26957
8068 23602
14234 27505
26762 9621
12431 27262
10049 17692
1843 29192
20997 23906
6696 9904
1662 9140
21321 4347
25142 31204
16635 21544
4112 22538
16186 4991
17852 3657
3518 15049
6411 25311
26535 10921
8763 309
11762 7308
27964 31220
15353 9922
19405 24325
2816 23646
26501 7606
8910 31531
13256 3218
12308 20772
2786 19469
9082 4745
3668 18943
17785 10693
8332 23647
16384 10969
26369 5743
12401 5465
8209 27770
26949 24755
5145 8913
1044 8381
25729 27683
26964 8794
13630 1082
5719 31303
29036 852
24913 26253
19325 14864
24897 23674
23908 14250
20907 14993
968 9075
8161 29458
8774 12446
18150 25460
18925 17795
30421 5500
22914 13001
7547 17225
13830 9398
13321 9127
26472 16869
4509 22415
2191 21890
29170 30736
8493 29773
18591 11351
4695 26099
10602 11178
23437 13413
10217 26330
31086 10315
3747 20423
19713 22939
28366 16356
18108 17848
11313 6161
25263 8630
27178 24732
25438 939
26497 31321
3831 2226
18633 5867
22530 12254
29298 26944
11385 4088
11783 3546
20960 20711
8052 6757
27421 26773
11654 4589
20578 7187
27470 424
7516 26616
18685 19584
20239 28172
30162 11987
28824 15104
5935 15156
10582 7169
5784 7009
10069 6289
16266 5549
29895 16798
4455 9544
18824 16854
2625 7983
12453 21435
24531 18192
20224 28232
15096 26966
22489 15359
215 26129
14402 27683
19479 1604
18130 17950
9045 20699
22443 14346
20777 22043
9590 21605
7653 11510
21064 996
17827 5486
13971 1809
24758 166
24471 13770
4874 6332
25085 3479
12816 15048
7702 28076
6324 14123
24155 7676
10269 5657
22173 16356
8805 4901
20270 18550
1173 16647
27750 1334
8129 28317
13067 8823
18391 31441
8765 15055
22575 21392
16898 8287
20218 14600
3929 15309
6633 5496
8979 11354
30720 17880
30933 10501
3165 20380
10350 531
5506 16346
28903 2196
8097 5042
6029 20400
29945 830
18404 7879
22895 7396
24560 29786
29091 30231
3578 9957
17194 23393
5400 2989
29045 30870
21525 24667
19675 11427
16976 18750
23608 4198
29401 8572
18966 3039
14051 25779
4709 25622
26637 22145
17022 21652
29425 23525
16344 22108
18854 10697
8016 16637
23633 20578
6123 2133
15751 10355
28955 8398
21065 19042
22434 27228
19240 17982
26163 28411
247 27925
31097 9963
28179 22452
25490 15151
12947 12354
2262 21360
7802 30069
26466 13923
29632 10957
9761 11542
16832 1068
27242 11279
2919 6492
4475 11794
15307 13320
25763 27701
1857 11142
14112 6355
1004 16262
3072 15594
20650 8735
4507 5538
2360 24843
16523 17906
21813 15940
12047 19653
230 3057
29891 27921
10731 3498
14763 2872
21851 22669
2710 16393
12750 11420
21792 10868
25873 16321
1509 12422
5509 3701
27172 23758
25859 10047
29698 20267
30010 27190
29017 16310
8286 15875
6343 25048
20682 25893
8299 17431
29942 14602
21579 13745
8941 27017
3816 12287
2484 7038
22799 26886
30976 3706
26844 10279
9900 21068
21396 17880
23900 434
339 2698
16931 7152
28340 11390
29234 26104
19485 17142
28600 29518
27392 23095
15031 31586
31082 7070
10174 5379
21340 8826
6808 18745
14395 1507
29863 8638
7078 13931
5576 15213
19985 7681
15697 11116
8899 22549
29718 737
14055 27562
20324 2740
14428 7919
8293 9245
22496 5176
8778 26969
14960 7535
9957 30804
2070 15264
31173 12940
21053 28083
19378 13814
6757 20034
31327 18303
17209 10069
9983 23803
8772 14263
14729 4215
162 16526
29749 24803
5359 27115
9067 14473
31303 13411
19158 4526
12832 8493
3589 19813
16295 28170
27294 6447
10016 16760
15958 17169
20418 26943
7155 29024
30638 4960
26619 18857
515 5304
8040 8485
27408 1112
27597 11255
31203 20579
10362 2201
24689 19686
4441 24344
25650 8238
17860 12060
25271 2644
18285 13133
9718 697
14729 6311
23678 767
7407 21355
3128 7840
22298 29071
24478 29992
18368 13512
19452 7176
29045 27482
20487 6850
9427 7863
18602 18332
14233 28216
18073 436
11869 12580
13465 25415
16759 30889
17076 26475
24457 6965
6304 26205
11822 151
18579 20541
792 4757
2283 3576
24235 24763
18457 7451
16658 11777
29086 5366
21347 7973
20398 23453
15242 442
28306 25545
31312 6537
10096 28570
8868 13998
20415 24150
6670 14829
30952 24431
17243 6657
26143 31948
12631 15090
27225 18214
11741 27827
24432 17747
12750 4997
2006 15962
23203 30745
27371 12818
18779 15842
21265 22467
2997 18916
7480 25624
25804 4592
6357 17789
7126 3229
19028 25323
28464 21932
1388 2390
21877 20083
22353 21649
17438 584
24236 18069
12541 16649
27735 2760
27529 11475
12047 13956
27804 2092
3213 1972
1724 9471
4977 23873
22702 25555
23331 7500
27940 9742
147 18568
2609 2719
80 1918
17193 23685
1023 26586
17544 28525
27013 19355
2152 17711
18945 1656
347 13498
4711 6107
14323 11347
10116 13558
23006 5127
31346 23061
15986 20451
4935 13320
31878 20299
25345 13794
18743 26469
18257 25995
31039 7189
31410 11695
17277 18158
19514 14837
23345 24785
8722 3135
17425 25098
16465 3650
19629 4599
14740 15968
2461 10157
11289 25702
23538 31574
5843 19742
16496 20651
28670 28324
5695 31673
11579 4191
10634 9671
19480 30717
2951 19708
13295 6341
12519 22142
422 30767
31944 9240
463 14482
23369 25952
17968 9840
13336 28071
10827 18213
22012 30085
10308 16060
7163 12666
23291 11246
15185 20644
25177 16797
25478 18651
24293 3823
11863 18099
16290 20297
23478 21515
7359 17396
14962 18689
15944 30443
9355 9475
5000 3919
4932 4849
1721 3011
25765 10249
9010 26531
16043 3113
115 11293
6377 15223
23206 25319
4452 19478
910 2277
20729 30261
18603 15522
1336 10415
16050 15241
10660 27374
275 29278
16821 26282
19770 27234
2511 19563
19367 31449
7706 28573
3390 4787
2951 29510
12346 4881
627 12652
15936 8046
3176 26303
12775 516
12494 21138
14223 30911
20125 28452
26974 1938
28206 18685
28102 24390
19037 9805
17723 18231
4638 26370
20110 332
5858 4125
9875 8214
26323 29740
19499 5157
31442 31108
27004 12598
12598 16302
14315 10371
27170 1764
371 28261
16835 3892
68 14353
24561 30141
19566 24416
2019 5687
12384 10791
11412 5398
6358 10348
23545 21314
23194 9588
8592 17234
24781 25751
30572 19565
10300 24629
20677 17537
2622 11706
802 26908
18931 12029
2250 17422
15603 13271
23317 24484
23575 15149
14989 3182
26766 1486
19781 17718
13315 22616
15839 5188
15659 1919
11741 25370
12361 14091
24039 19729
22655 26448
20877 11498
9445 7670
19510 12322
10474 24186
31899 2478
880 1868
23713 23295
20894 767
22837 10294
20453 11185
26677 29343
16900 30944
12359 7368
20410 15487
2244 30488
2883 8476
29665 6302
7088 3166
3031 1057
16142 14918
20243 31196
24322 28110
20388 7207
10923 26013
944 7817
13493 124
8326 21487
2544 12311
1266 10318
15344 22926
22653 816
8212 6096
17228 3678
7226 4724
6658 2098
5148 3808
6104 12393
22718 20269
15125 21053
14615 30419
29277 13287
12760 8714
4429 16975
14967 30718
22177 28250
16190 10742
17651 24679
26961 25560
20254 15971
10130 2625
6522 28760
20019 15479
4076 11106
12045 13008
8206 15650
20819 8670
5963 23322
30437 30117
22956 17918
4654 12488
10464 11768
6994 15009
10675 21063
8236 30184
24854 24961
27315 29922
14527 13905
22214 24944
6851 22015
722 15676
6004 5345
686 776
27703 4405
15427 15083
13973 6541
15358 9165
28724 22790
31179 30251
30075 4499
20042 28248
8459 11454
3813 14228
19909 10781
9199 20333
9955 28970
790 28379
23315 25563
918 29445
13100 10416
29012 27376
31546 28718
5580 13812
9931 4629
12195 18345
14001 1181
29086 2699
4960 5148
2419 30802
21225 28936
26711 16899
21518 11280
10532 18618
10547 25563
13593 26482
24550 30304
26242 11596
31495 24483
11844 8778
7143 29720
14693 16268
26225 12064
24529 13385
13765 16590
5361 20122
31850 18690
29362 2541
11002 4768
5710 30268
13507 1003
22241 10909
28606 20412
1114 8509
1888 23717
30395 29342
28425 31668
22843 6053
5473 10546
24250 17910
2744 27442
29436 496
11878 452
18537 29806
5116 20919
31319 19783
17592 21168
31002 19029
5680 26858
31750 31282
22543 3961
30385 27472
8716 18202
14375 23553
30800 11683
8150 5010
13583 30448
2189 2425
31799 12569
15097 16377
17140 24762
9907 24439
21410 30260
21477 25393
24385 10238
25961 17751
22520 26257
8671 26043
18233 2598
27991 16788
2434 27519
8576 15078
1733 3065
18259 2492
20904 906
7105 11648
11172 10791
26311 1541
19070 4610
8280 20046
6010 13300
25767 5841
16299 25743
22163 29863
20157 24079
21187 20772
6929 13303
25609 997
28624 26726
12035 4890
21998 24277
22120 13887
3172 11771
27164 15414
5066 21510
29497 14100
11889 5045
20603 8300
774 260
14925 15011
28603 18045
8174 7209
4536 19851
9296 2917
811 24130
5104 28074
26294 31810
15847 27113
19004 9566
24575 9118
24196 5965
13891 13033
10445 1782
1730 6921
3417 7947
11375 13046
31519 28112
4365 11598
29200 1819
25414 1645
1075 13131
6200 18409
18345 8766
18502 10304
19213 6624
6652 30106
5686 15577
25356 7697
5011 3215
20582 26280
20869 18488
24309 6063
2677 15314
24279 6410
2912 7752
22452 11363
20563 816
27964 7622
24904 11432
4087 30925
27280 6958
18818 16965
30627 21386
11382 27968
25983 29814
9136 25937
22180 28935
16572 23740
2061 30780
17011 4711
9932 1303
12541 28250
18123 30478
31433 6158
7614 2445
20163 24409
16436 20393
26591 30317
26147 7357
12957 17115
19603 11493
13176 9107
31256 15933
552 28298
4633 19495
14008 21989
14230 13763
4221 3542
21776 3522
29557 16756
26838 7852
11215 31366
26636 9750
13818 26600
20511 25416
27761 9088
13450 5046
29895 16986
22209 10094
8416 30035
966 2941
23492 21260
27927 28578
3750 13394
25865 26104
6497 12913
16444 2332
3193 20245
14195 15353
19290 2421
2128 12963
15769 17045
11215 11779
11037 383
14769 11967
30697 24902
30509 24713
20921 18900
14640 2401
24848 28028
26399 18569
28422 5031
21482 31312
13160 28662
31213 26967
21983 5828
15303 31838
10063 23771
15083 17263
5477 497
26058 6726
25118 18967
13433 2850
19569 774
23775 9728
19299 22626
16128 11576
26515 27331
18882 23818
16631 27378
21905 1486
22444 3357
29262 27076
3072 9216
21247 25542
24164 5099
15424 15290
19385 16197
21901 25012
5512 29459
30037 13897
23879 26687
10487 23196
21498 31770
12506 6042
27319 19255
8872 27322
21478 25606
14540 24346
22481 13106
25905 18130
16460 1184
28307 1226
8358 3104
9510 22150
16350 27325
15680 19349
8785 28525
13041 25025
6689 26967
22079 2522
13146 13954
28903 30149
30110 30540
26898 23780
19953 31864
28800 17817
31913 31683
22885 20425
10566 551
16458 29831
29096 1514
9554 4527
556 2040
7377 7178
5695 23439
8318 8721
7463 7533
867 7722
8567 29753
10921 2246
20655 12368
19281 7702
5577 25731
222 27928
29666 27978
10136 7202
15387 29020
29118 23763
18952 8049
25871 5306
28246 30130
31376 30989
17550 13717
16955 5393
6219 30009
22918 20235
3938 25832
19434 15154
26243 13734
7206 9202
3690 23161
22029 6214
16254 1306
30901 24757
14308 29507
24509 12865
17824 25598
22458 25734
19344 6160
14844 6835
7114 21654
3372 17158
3377 20013
10055 2410
4841 11513
14567 15134
8914 18854
10370 29462
21455 21468
9556 2776
3039 31273
2826 16398
15913 23529
17119 18590
30703 24073
13314 22580
8403 6877
21892 12604
10219 16286
23367 27801
19409 7115
22549 26760
27599 3873
30284 7286
249 1574
20610 16781
15076 1836
5058 9568
7012 13137
6133 14326
18840 24029
25870 22748
16232 24087
2985 72
8123 13083
3848 7656
30446 22468
9302 27050
8462 15909
20488 20270
18439 141
11023 12587
4 22696
8825 28220
21923 11739
30815 15987
17359 18739
20682 17423
22469 16263
29708 27129
8513 29650
7467 16264
2225 22899
12550 27538
7159 27068
31071 21332
5391 21375
8061 28893
11437 30036
20103 19863
27751 22241
2530 52
10709 14387
6915 7876
6353 11280
22594 27759
3483 18452
18794 29022
16774 3465
5896 19285
28840 13574
30990 7562
31352 17933
9010 31383
6730 265
26005 29548
12666 3017
12186 7276
29053 5034
6574 8577
22213 13062
24285 1277
15799 8469
18552 26515
18133 8267
6138 27713
19811 19435
5130 5074
2233 6726
22938 29435
22824 24871
11332 12540
16452 4652
12189 19075
30851 6462
16411 16472
21601 4828
7582 30161
14110 17753
7206 30030
3041 11835
11679 18011
22843 1345
16957 20357
22636 5110
8997 16856
3376 22723
22530 4157
16270 7915
19014 20307
22228 463
6182 4890
26524 10005
27021 21318
16403 27742
10271 8062
31744 10927
26301 26702
15213 5668
20794 22930
25707 10696
30410 17957
74 255
3727 10147
28376 27603
10048 25232
12513 16925
19044 17368
14162 9319
6210 23752
6966 15635
4989 9217
14568 26845
28007 28769
18878 4609
21695 23016
2475 13924
2630 383
31500 23582
30010 14625
17303 290
31947 17980
19238 20476
16274 8780
18364 19049
12596 29752
9619 12666
82 16588
11234 5100
16606 21
18795 20193
819 23514
5647 9684
17444 7647
9988 29849
24224 16947
10359 29988
8809 10063
16283 28893
25245 21721
25984 7838
28021 27984
1886 17294
28270 13150
29401 26667
25692 10750
12849 30958
17216 19303
23191 9896
9803 1502
24877 15174
4394 23263
329 9427
4428 27339
16999 27392
6391 23031
11812 23675
9337 13171
1615 28330
25047 13443
883 15389
23691 6259
23781 8239
7683 25396
726 24743
28974 2241
10120 683
4129 10880
25237 3241
17084 13257
14661 12872
31726 11157
2320 382
10363 10667
13345 28038
22471 12049
8349 28083
11047 13170
27207 10253
29896 14063
3978 3690
12847 23176
5694 25078
21155 12316
7170 23298
3159 3370
20505 10555
8204 5336
2124 24358
13558 30208
14747 31274
26511 11910
15271 21933
13817 17695
368 7963
25676 5088
30630 16173
9974 31000
29954 28968
20893 17770
6826 1761
17933 8595
10034 28912
22711 27072
12201 19003
7437 22626
17696 22078
9476 15429
20171 24785
3012 19002
961 12613
15855 3487
20583 13702
4581 13006
7212 22079
30515 27971
15638 8891
21608 26936
5526 12722
7473 17805
9319 802
11642 15710
5134 31888
14360 29684
23378 25495
237 19581
15702 14516
2988 26189
12439 1930
28479 21388
4009 17387
26142 12890
1869 24472
21905 23926
26274 10723
25166 12761
20299 31871
13751 19939
24645 23640
23543 31179
18647 9305
11814 30547
10279 24213
22376 23571
3447 9612
3266 4022
13039 8099
22562 7253
27927 13163
6696 5788
2271 24030
17980 18128
27583 5260
17883 20607
30766 11277
22118 17250
13354 10429
9748 14884
1742 19370
8317 19394
1466 3068
607 10232
9501 6626
23626 20240
17825 31626
31249 22965
20553 104
31109 17187
26308 7781
24136 11361
9775 21448
24626 11585
6796 2490
6825 10093
14294 23078
14613 12013
12105 1123
25410 30825
13087 22039
18755 25673
28151 2668
4521 17829
24901 3555
24072 19118
7137 2278
24512 1597
30808 20191
1998 5901
6731 27750
1682 31604
18274 28690
19093 22496
11421 11910
31695 6124
12889 20225
9485 7066
6286 18661
17475 29199
5270 20894
8449 5854
18277 834
31837 19794
17098 2422
20834 17705
2992 24638
26421 2001
17754 29670
1285 2998
16631 29710
24131 30513
23600 21994
26825 22972
3634 28173
17534 11764
15492 9014
15885 24287
2381 29771
29872 17722
17395 18303
27441 24924
5917 6232
2593 30033
14717 20990
1738 23576
25805 18598
10114 15757
20031 19100
26956 16251
28353 16183
28439 11352
30722 22836
28825 31959
27239 9948
16240 17652
19594 258
28346 26481
23840 10691
28505 5832
23328 28198
8200 16951
12742 5031
21577 20288
19811 30140
22401 16184
2812 1911
28854 23102
16737 30987
14568 30867
11477 8341
16175 3250
11249 8531
11194 3123
26607 14321
8593 17424
18001 17335
23733 4160
1575 30756
17503 10827
30919 12402
3177 14143
16379 16440
17810 9142
6178 22265
28036 8732
2879 5015
12670 25107
22126 31626
24043 28300
18293 14587
30111 6016
14924 22568
20647 27734
25518 30431
14188 3146
5607 30386
9690 15427
28626 10011
20572 17223
29872 28036
10332 25674
20882 28121
30523 28345
22695 7454
26507 443
25072 16474
15698 28358
14565 13938
21935 25877
7336 6314
14356 17573
4120 19846
4670 27837
4024 4578
21404 13718
5748 583
854 647
13400 14615
28571 6515
26311 14094
7213 18843
267 8198
4159 1975
30687 16803
21404 25502
21622 5136
27147 31078
21657 16565
10945 25527
21218 5716
20125 4162
4035 28674
24642 7938
14305 21799
1126 26035
6303 29574
2839 11652
17555 8670
8712 25828
6610 13949
22204 9635
23468 12795
7845 4395
1675 12103
20932 26956
30215 15549
6572 29203
6110 11228
26971 18384
28665 28373
22098 20309
26582 14580
6132 28028
12225 4942
6143 22623
31185 25291
6968 18449
16114 31633
27696 18078
21221 231
1402 2400
14189 28117
7599 30202
4715 28643
17931 22413
17237 2785
31203 30286
13193 9688
4840 377
28938 21436
6253 5334
9731 998
13036 18509
2506 29220
14044 4321
14797 31177
28260 14841
11634 11030
11133 25108
13166 31802
13574 25319
27619 735
11246 5856
19060 1585
28262 21468
6392 17385
17513 14964
4587 4919
28419 28165
9436 27250
25076 15300
29429 5122
26859 11195
24290 14451
17186 27724
6246 826
23497 2324
11089 8604
20563 23473
26336 17320
5090 1745
19489 20184
27838 1268
5676 31192
10620 24347
6381 29187
27563 446
23984 21975
1253 5043
4371 9173
27000 28699
4334 15034
15945 3286
17 7076
13304 20899
13086 7751
13988 25893
14226 23376
18416 19072
29265 1893
2393 28955
25497 3775
23906 19306
2863 6231
26766 11599
21304 17390
19475 2141
8874 28762
2239 2739
15178 11823
18635 19007
27851 24769
16168 8263
6415 6226
6557 29258
11273 2347
20822 7970
5333 29826
10340 19845
28238 16122
11853 20263
10292 12226
15645 21967
1777 14046
23690 21764
1434 2631
15439 22367
15370 13527
31365 15282
27800 22575
981 30194
8574 24140
19914 22813
27795 28853
6601 14990
18242 7277
23955 28656
27570 22583
11503 18786
15444 18317
7549 781
23713 10382
24968 12899
1671 6269
2517 27626
3064 22809
8979 13010
8544 26399
14032 28243
26178 6265
31877 28650
22710 22240
22886 13170
22106 29269
449 1182
25501 19676
13682 23633
8054 11392
12943 31824
27935 25236
12036 30119
20152 18245
10010 5116
14553 18017
12262 5120
27092 19978
14025 31019
10412 7091
6331 1892
18393 28020
182 19105
1172 4756
707 19842
18527 24289
27193 2655
24097 16676
4120 30981
3024 28590
5283 3828
11069 11897
23124 15320
3118 30082
8005 19314
25009 11860
11378 27453
31793 14126
18307 14346
30139 28617
6604 25851
26043 29061
29181 23126
24958 12798
2096 7028
26875 20116
4908 28284
8754 4075
24649 29611
7750 11336
27690 6280
7932 31968
20981 15865
30453 9506
24688 28881
27905 4695
16983 29088
165 3001
19493 16431
9495 16105
17908 21172
15994 28937
2572 25549
2297 26029
16169 28825
6239 25992
13247 18486
5008 18468
7453 16965
11738 381
1855 28731
5260 31360
29771 6935
11188 31081
30065 19618
1903 10458
20002 27002
26534 7555
30327 29840
7394 22066
18379 27972
23537 5366
16802 16565
8086 31829
8823 26170
5624 7892
729 24989
27379 24809
15763 9853
18238 11792
17621 12245
3211 30818
9807 27671
7551 9467
2601 1771
1604 1474
16846 7609
6559 25436
26081 16102
9196 20416
22120 17005
18270 24325
24071 15720
8757 31851
9169 4655
24444 30212
14005 9910
21350 26383
5412 4455
8327 12682
20150 2424
27739 895
25491 17507
12377 24111
3856 7787
19758 3255
802 25553
13748 20674
17129 26094
25273 31711
18263 25113
23123 11631
19114 17202
17183 2654
29241 12053
3438 30344
17495 15633
13446 23958
4367 9623
28834 31089
6118 22696
5377 2282
10248 24664
9884 15945
24087 1854
7795 16685
6025 17547
30317 13576
9067 15469
10987 11267
15575 13936
16903 31212
15824 13126
25308 15096
11789 9926
5062 18782
13685 3695
7757 24833
11576 30190
8149 12246
6406 17439
30450 4873
11153 12720
12793 28131
17419 24650
13210 611
14578 25583
13152 915
29776 14732
18490 12449
16708 3843
25073 18869
977 18364
27058 22343
25134 22212
17144 15685
16296 25069
6285 24383
30044 30449
10477 3544
20975 13219
31807 22858
14666 2863
28914 22821
23974 24303
11390 17075
2881 8149
28442 16195
19550 21786
3843 17150
23411 2647
16497 27869
2698 27286
28506 5781
17032 31307
6975 16822
26204 9384
8982 11259
21462 5389
16422 19289
1390 26139
4830 15291
15835 7158
5114 31999
18257 7454
26158 5733
25659 30110
19748 31423
7015 29201
18504 22527
23614 30063
9434 6273
25481 2328
3066 19698
26158 15266
31362 18128
23734 1288
31175 30923
5509 1237
8027 28432
21349 4427
4808 23961
7434 26831
19805 15810
17286 31751
27517 26515
1893 25737
6469 6054
3661 23089
31259 17816
7098 129
14687 23939
25287 12684
239 20104
9823 12948
154 19805
7895 15479
13802 20757
7477 24594
30506 7754
30940 24460
17868 1725
25536 2174
23568 4195
1719 17637
20755 6764
2596 10579
22999 13095
27297 20915
13297 13972
12171 868
30657 30855
21057 6207
19713 14878
30984 8817
7175 28254
5804 27019
19237 14587
2898 27058
23725 21138
15117 20264
5317 12233
15553 10586
23487 29039
30848 11433
4898 8939
24128 27316
30708 10708
25463 793
12984 21626
22292 31174
17651 1051
5719 30355
15222 22375
2381 21561
12563 6321
21997 1823
12743 28743
15571 29347
9662 12512
5448 7034
21354 18951
1815 23930
14413 20805
635 12657
5808 21615
5914 21369
6058 17676
17087 20711
21197 21460
11930 23692
10526 9693
9556 27391
22571 17553
5320 27159
22406 18558
31014 2318
12392 713
17332 30000
6428 8256
20184 2069
4208 13784
29769 21407
24560 15149
27116 426
15888 15178
6086 1372
23713 27462
20390 27727
11215 28581
1258 28842
973 3421
15223 20341
30315 7398
14278 6989
3540 19001
19745 1249
23869 9545
2997 15314
898 2637
14777 30608
4434 15057
20529 18179
25667 10412
14890 21499
9907 26496
12926 2861
30723 30536
14048 7842
13095 15565
7033 14019
16910 22786
16434 22514
3241 19621
3005 25473
9537 8288
9462 30105
29210 2993
5249 26298
23486 23075
13250 755
28232 6060
3144 14620
27718 31164
13974 17330
21440 23746
640 17913
8044 18502
31875 28124
22163 20569
29667 12119
30967 22425
29801 31347
24071 29345
2928 19552
3109 17107
30668 8982
28543 13797
15909 30759
21227 23919
25207 738
4176 624
26095 5026
19340 24873
1507 16351
31453 31515
26838 28957
23466 8497
8202 9977
3770 20013
4652 254
8227 18377
11054 17296
6213 23398
6164 2658
12244 286
20550 393
19603 20885
19301 15369
20101 27369
29985 21498
31336 27135
14491 14726
672 24645
23952 2656
10365 29394
19349 14312
13080 4257
27437 26289
21085 11525
5344 7170
31685 14418
9425 9348
1264 24586
20773 12239
30819 3509
21272 19914
4300 17428
28596 10378
18119 13432
13032 10308
9629 20008
9303 15459
16487 6023
11806 22243
23891 20914
25811 31251
2069 24315
29454 12689
17365 16591
10527 2183
31349 1131
17083 21023
2703 30890
24982 20627
6783 17491
20716 8496
30629 6685
23270 4616
18573 2917
1620 2273
14538 26800
14948 27631
14023 2917
14348 29658
12444 26735
25860 11054
5579 23263
8157 14933
24473 12436
29675 18207
30870 7296
1327 28104
24049 20232
10298 31457
26724 25479
28019 31506
28057 13981
15171 23248
12785 5417
31300 18516
20997 1090
28264 70
17043 15111
30659 25659
15929 28081
24875 10436
14858 21417
18037 16669
22399 2142
14817 1909
5745 6790
14659 17124
6480 24178
9231 14462
29072 356
2714 3429
4644 21841
10870 11513
7165 21880
13647 21593
17122 31451
12894 21310
6956 8255
8035 9548
11711 25152
3646 6614
9875 2182
5844 5296
31360 29820
23876 26525
13165 22624
16044 18988
2996 1320
16626 28287
205 10947
9327 18545
15574 7412
6669 22132
21007 22529
30639 28224
24912 1245
8064 13394
26863 1608
10123 28678
8418 28954
21350 23336
26248 5469
21619 2699
12971 26577
18413 25224
15807 28541
21578 16225
4488 2118
5958 18089
13379 7278
18615 5008
27550 23062
24168 10736
20371 28044
14363 1131
17369 9245
27873 27705
18098 14038
31122 20130
30307 212
7837 3138
16978 12970
7155 1338
20052 3527
28479 4424
19718 18384
24077 28652
16109 25448
10469 24830
8260 21087
144 12757
15363 28254
6394 15351
29975 2487
1747 5726
23318 1753
31807 2222
26859 7640
30743 30218
7971 7046
11158 13472
11748 7439
9766 7165
2857 4672
7782 27588
9183 17736
10073 541
11496 22819
17672 9413
25295 19819
30941 24646
20588 12811
3638 12932
7746 26486
12931 29087
28753 8171
8531 19268
16690 12848
25126 24477
29214 8168
404 3429
21438 8628
7600 614
10304 12514
22151 1055
23675 28311
26470 27104
4480 2824
8256 7979
12939 9366
17776 19853
30918 878
15853 11770
16276 25190
21337 26052
12879 18012
1820 8127
27050 14656
8575 3753
30450 30625
17130 27521
29361 23452
1087 21508
14070 30528
15535 8400
884 28762
755 23503
31522 28985
31608 28880
5236 20597
5785 27129
5209 4808
29146 19945
5994 8286
563 22319
30461 5129
13900 18902
19835 6841
3664 10603
24196 29420
31231 19561
12050 51
9124 27759
17729 16547
11800 23910
31423 648
1959 21438
10245 3591
24416 20044
13830 7306
25067 8137
17658 15649
29884 765
4973 22872
23818 14066
22051 26916
25683 29408
13748 25420
15616 8510
6499 8167
17551 1332
26875 17505
17312 12383
24515 18776
17445 15341
18451 2101
1490 16770
31995 17030
29098 4065
3487 30390
25303 13171
28359 23562
25608 20396
3242 7586
8909 12048
8792 12603
29885 27016
2357 3368
12461 14650
1943 18424
7309 28411
10248 8536
27271 28959
16636 2603
18955 25244
14614 26987
30496 18464
7347 10641
5274 22774
12876 16902
5199 30238
7524 2272
1637 15370
23753 15605
7092 7613
18518 13282
27492 6779
23171 18269
25936 28650
2282 20289
26444 9063
30644 24755
11910 30648
24285 1795
19114 29127
6171 9664
5008 89
22880 27610
20917 18619
12988 2165
30908 18663
20124 5528
18401 5055
11637 17913
29982 10592
29641 1962
31436 9689
20170 16133
9660 28142
1706 29672
5092 31943
31690 24519
20418 16207
25332 25690
28045 3745
14110 31420
26264 3612
2828 10870
30122 9880
26857 12613
19523 9282
29622 24677
2895 7602
6104 2390
4607 5003
28147 8694
7344 10512
4289 24556
7843 30727
30333 9175
16140 29361
14431 22480
27041 8935
1780 1501
23883 19711
13560 26211
8598 27918
11781 31443
3109 12440
12289 1683
12838 21732
20039 1403
15250 20384
17777 3780
15668 29104
1287 10141
11088 30367
18927 2502
26135 19058
2551 18746
31679 25340
16860 3965
535 8125
4618 7032
8049 23867
7851 11112
13904 21037
10137 17118
27948 15055
19605 11094
22068 3890
4501 31176
31250 4973
1518 2003
7701 20077
2641 19114
7006 17353
7984 12868
27394 6699
9944 17227
9636 16496
21982 25691
16942 9837
5607 17617
18916 8471
29436 29811
4978 29311
14062 19917
19173 7187
14596 24574
18959 24164
28809 16980
16597 27774
1526 12405
26055 6898
13580 14030
17250 902
22352 13524
7156 6129
2722 3195
7418 18007
11336 12226
15267 7238
23696 9667
8212 6089
25736 20789
20870 2979
22338 3285
26530 19156
23642 3262
9581 17669
304 20636
29700 14616
31679 21121
9318 29677
209 20076
12587 23934
11552 31926
20190 24140
3652 76
30943 20525
3991 16953
27490 14028
16544 19629
26777 24312
4902 29230
29433 13554
16099 25995
7225 25676
18678 10639
27198 19655
3678 1122
19933 29691
27224 16016
6004 6776
16722 25756
488 5744
30029 18283
26159 23209
31890 9777
11729 22081
21904 20471
669 7722
7666 20505
13937 10066
26204 24177
3708 25334
14185 8352
20718 31013
7324 14332
21882 24768
3422 391
1187 7014
19498 12478
31462 2804
23676 22180
29206 28536
27399 18282
30693 11935
3868 6093
20493 24009
4246 14970
9581 1629
28226 18180
9509 9204
21102 17557
22150 19573
28711 5636
27249 11510
10537 13059
1377 27736
22980 16163
8976 27982
31612 12013
28154 2787
2441 28054
28856 17825
30524 15814
18725 22090
16589 5061
10669 13711
1847 13647
18316 18189
22360 25700
21682 30024
13198 15245
16700 21261
17327 15029
30129 23201
20598 5785
8525 16931
21826 26150
28329 3824
4282 26319
17784 6679
28741 9559
7316 23367
18610 16575
1650 1560
11487 28862
5868 18028
28366 3582
26107 8024
30724 30554
24095 30185
1101 25261
26236 28380
16827 22692
23825 16386
31847 12309
13188 25260
11171 7565
15654 5994
10018 6282
15555 26417
25766 16090
19770 5373
7784 767
23514 27873
5543 31952
22739 25829
1726 29459
28104 28893
28834 15484
8685 14353
19888 10969
26839 28070
24889 311
4999 27194
11431 13913
2489 13131
21621 18578
6330 24311
12245 12623
14332 15726
19501 31312
3069 29795
24338 4620
23312 28121
21812 26189
11203 29750
30919 21098
22612 28129
4695 11722
19121 17423
7021 20664
1867 31655
20355 1198
7828 5821
13652 23942
21962 6773
27328 26542
20010 27578
23274 17955
5616 21713
31340 13715
9376 8214
29482 27576
22700 27232
15966 27898
22578 25104
23615 7275
5892 26139
24773 393
12631 27845
26212 6455
31737 9526
9601 4084
10387 697
6710 1787
24150 9331
10106 24363
4573 23110
20982 31761
27089 10700
409 25192
20269 27930
4672 18284
23742 24211
5852 30272
24788 28311
15452 26646
16398 19797
5083 10575
24370 11619
27008 8675
23059 3665
28967 873
22566 20253
3519 28389
6878 7058
20133 8423
6128 15256
25826 29646
1091 3273
26688 10262
8678 29522
20664 27690
21455 9664
6054 28142
25832 29671
23550 13214
19370 6323
7637 28617
7397 6866
19437 24894
30851 28638
23396 22703
8504 10613
7555 26853
1013 24427
3132 9789
27232 10022
23126 7193
17889 2504
3918 20363
5787 28960
16682 8603
20907 7497
9403 26371
25309 13228
18282 7134
20534 29933
30046 7753
13757 17183
22533 10747
11454 28336
26418 17955
13580 25906
22676 7198
19014 4420
24122 4041
11312 9047
16959 16289
12532 20111
19714 24301
22267 12652
11812 25666
6383 6605
13056 16649
24293 25681
20070 3048
15504 3556
10749 16076
27184 20447
176 17894
26647 8694
27596 10637
4245 31384
17379 29173
10081 656
12047 20961
26599 21399
2327 19191
11512 3611
29594 24440
11270 4727
5098 6899
22864 19336
5563 31388
3734 2079
30618 22932
19479 25528
22616 10132
22001 23929
3526 19101
26011 19794
16774 9002
7016 2199
29126 24668
22375 5775
21751 6544
22795 6787
6974 26884
12303 16122
9608 14396
21589 26572
8820 31153
3565 21407
7660 11129
23996 23039
22222 21987
2828 20237
10759 10935
6161 29812
30086 13283
6782 10607
9568 19487
3981 21542
6437 3621
17716 27403
20378 24488
10343 14708
28299 22864
12521 3331
19490 19299
19918 2751
12040 4779
22616 28688
30528 28456
10110 27710
27357 12088
23189 8458
714 10912
12757 30377
13340 12940
19656 21331
21343 29043
17527 16078
14114 27407
17758 1581
27166 22859
31899 23717
12067 21570
7225 6601
31203 15038
23581 6361
5836 28511
10289 6588
19769 13420
24989 19351
173 295
21237 390
328 27910
27646 31244
6144 1246
27481 28972
31411 28325
7552 26083
25745 13130
23990 6764
6301 5733
8911 10578
14422 2285
16770 27976
24067 26995
6849 14094
2316 15688
19451 11732
21126 3287
27441 25839
23714 11599
14448 9396
14367 14182
22107 26751
29031 22233
22870 604
5409 12215
4340 26773
19954 9619
24912 9834
13302 22736
5509 30538
19019 16549
3138 31149
29780 17652
11 10629
1673 28362
23837 17364
4991 22802
8308 30670
1699 18279
22841 16783
14411 19350
13316 7091
27109 25425
10201 9310
23625 24164
15468 13169
8686 29262
19876 18477
12980 4405
27171 22574
17901 10637
23459 24289
23940 10424
11255 21120
15522 5993
2383 16211
5735 24639
9964 19183
19012 30495
16496 15670
15353 18843
9090 30608
26144 2703
19179 11937
249 6355
26056 26282
11891 328
27821 22986
17982 4842
15891 29266
16572 4730
1946 22981
28922 4240
13879 1974
6031 15015
13015 10615
11806 14260
20024 2856
7051 1058
465 7748
26445 18294
4630 18061
23103 26752
7934 15223
19913 14136
29917 9509
15508 15444
23020 26609
574 30301
29060 9977
15333 23484
1182 14459
6987 21625
1062 4076
17924 26264
19903 9044
11530 25881
13640 29277
25509 4720
17111 7533
28974 618
5947 28983
29998 17576
27342 26274
2019 18000
24156 1569
14144 446
16664 2835
5832 3317
25890 5120
31370 9911
4581 28394
25110 7837
7515 30369
10261 2301
7388 7587
15947 5498
16232 10719
1311 19953
19144 5723
15960 16220
28238 28205
9107 20166
21563 10251
3005 16019
27091 27863
24018 15517
30820 22267
29558 26823
16606 26909
9025 30322
20456 8626
19478 2820
28937 25796
26958 9543
28473 29792
15294 21929
10331 7852
29477 14582
15540 3097
11656 31441
22941 20131
31022 27455
11186 1911
4714 30462
7091 1657
9272 4102
18950 11954
567 29402
21598 31447
16302 28802
29787 13742
30815 10485
8188 22459
22994 2244
8171 28968
14099 1328
10657 24483
12604 16977
6007 29728
15535 12046
10698 13069
4755 24198
28305 2427
17782 12086
5036 15067
19402 22788
26215 14434
30089 20928
20193 10521
936 23969
19853 896
6687 5826
10648 23467
27604 20045
30620 29263
22783 30969
20346 5392
884 25789
30862 3216
22120 20002
2380 20879
20261 5843
13533 25175
21886 21999
20805 1799
2950 24130
28895 20354
18420 13644
19468 16073
12545 31370
27562 3788
6817 19725
11012 6792
1754 21490
28504 22374
3158 27719
305 7134
23977 565
16245 27431
28944 8767
14550 21740
13138 20101
25411 24219
9055 11604
11751 511
2834 24283
26501 27883
30636 16334
11361 20486
6773 16790
134 5925
29389 31834
25592 1131
14636 21691
15741 18397
13146 14501
9207 15798
20108 2990
25547 10049
15903 23703
8431 6430
3715 24434
26169 3450
23235 22371
24653 14148
15377 6931
30088 3036
7668 7291
18020 22744
5507 22343
24641 22820
15130 1564
22447 5908
23711 29572
9661 21384
1674 15715
22714 17885
14587 2361
6511 3536
19120 3282
30467 4130
26130 10050
25922 26481
12266 10237
16117 30218
25146 4169
17641 23171
16211 31472
31695 6651
19560 26129
14565 27875
11851 2664
7817 27071
7413 27405
17130 7078
10344 31880
20650 4377
1167 8250
29820 22332
8036 8177
8617 5447
13525 14120
10573 23333
19960 9433
25053 23318
24695 18811
23107 6670
9047 18904
22465 16186
23979 23167
16003 28139
25892 264
17426 9571
18162 16302
21084 15455
10793 21068
4731 3479
23364 13953
9881 20942
2917 17825
23320 8786
23518 19412
13231 3736
15089 1046
12949 4468
24783 31520
24184 7365
719 12177
11116 218
21038 12357
31274 19317
13768 5559
6742 9892
14110 18525
10352 22190
18821 22259
30785 20334
11600 18141
24427 26906
29075 4057
25023 4401
1459 778
3818 10561
27600 31902
12932 12321
24096 13164
18402 30338
9914 21564
16762 10476
13450 10373
14384 15340
30884 11926
20852 24475
7179 4716
30275 19787
24326 9738
5585 17860
843 1401
10864 9188
12636 20989
25127 22999
4314 8416
28442 23208
5870 24488
28982 9453
18990 830
10474 11690
24247 9971
23044 29780
30035 29475
1838 11807
16784 13107
28564 5000
17718 23552
26636 2716
29005 11441
1674 28717
16991 5771
2912 26504
25730 17479
12910 27673
6843 27813
27113 12559
14991 22907
31633 12645
1756 21600
25604 30658
10012 7766
1990 22298
8695 24484
25941 11827
18781 13247
1385 18828
13689 13101
17860 5809
158 30370
5359 16853
713 30943
5512 19603
17042 16172
23501 22589
28269 10126
18665 11972
20907 20582
28492 26271
14342 11100
7242 5165
6021 30361
31927 19983
8019 31375
20239 18730
11742 19319
1874 27260
1999 23160
24521 17426
1810 5685
12589 3110
13470 20953
17931 19910
11979 18589
27770 9448
25565 17628
6170 9236
1517 10033
21418 6580
14661 1598
18374 18254
1494 24206
7518 1804
6119 12455
11372 1987
4253 28997
12234 13214
11472 329
10664 14851
1203 9439
11894 23251
29182 14641
18484 7413
5978 9180
11160 14448
3251 30519
2244 15114
30095 14707
16342 10116
9806 22968
14260 14325
7782 15883
21040 9972
2969 17364
26938 13096
31821 31373
18140 14181
789 13365
19049 14591
24006 17961
15090 13398
10231 3299
1705 28036
28013 16764
22883 5292
27581 18646
1930 25045
8968 17673
13214 7074
27689 13941
31324 24523
29226 3117
1889 24241
6950 13507
10906 16657
28256 16762
8186 29687
7115 6617
12593 20336
11377 12592
13164 20397
3511 2725
27939 15866
2048 17718
2756 16330
18562 27319
3322 8661
10713 17941
13760 11585
11861 19580
21580 3069
26781 29574
12466 23494
29044 11502
16275 19819
31452 16066
6068 446
12098 10210
21192 30296
15121 26681
23303 4381
11345 9427
4161 14903
20397 1177
16932 5300
22688 28080
31157 28085
31697 7404
11866 16479
7326 11255
26439 1054
1111 1744
30293 9341
30102 9815
13763 16865
579 20099
6644 6444
19719 18397
29037 7286
15548 28119
3863 31883
30071 6556
26340 11227
9691 28417
17479 16937
9536 28065
29925 2992
9209 26208
23730 13418
29 23700
25156 24053
9652 24107
15587 22782
1148 31355
9057 4568
19967 13010
13311 29980
8863 19785
30979 31333
26528 1494
13973 7075
14869 28451
26317 24767
25846 31111
10885 4604
12383 29525
5998 9640
18238 26308
27394 12241
27508 1256
1137 15721
18865 24333
16252 4449
7837 90
630 10709
16452 24239
14405 3388
17516 9552
17246 6905
25618 13081
14451 24841
24123 16782
3080 1195
31692 2007
16224 15367
23120 21346
22832 3606
19207 9871
25353 6894
25343 718
833 1614
8533 27817
503 5665
3817 25869
21659 4417
7944 1581
9104 31211
11589 21918
19999 496
11185 9115
16895 19033
31276 27253
10834 16293
23266 27617
25432 9581
1885 30899
995 20648
28560 25120
9816 13312
13398 24857
9531 20394
16457 21263
5093 21198
24786 31953
9675 26699
19098 6117
28269 1012
29030 1376
31245 14700
22986 30170
23632 11952
26666 3195
8352 19663
15836 23955
26211 26722
19053 7256
7358 30732
27966 11106
344 28968
5731 9918
11605 267
26 6231
8558 3723
14505 30158
18901 25189
14230 22994
23496 5178
5504 817
7502 24859
27839 8100
143 19876
20165 1393
13427 25905
2308 12231
31556 2759
6513 31847
8566 29364
17922 9762
11699 29218
30452 25277
6239 29528
9781 15935
11816 31948
18591 17395
16338 1139
9517 4511
30174 8288
28921 11621
26172 393
13725 19259
15175 1624
6137 27730
26920 7712
16958 23654
25432 5026
27766 19048
1995 4268
6131 18190
26674 19885
17122 13230
24999 20861
2198 19540
20882 10730
20106 2450
1567 9225
10687 2008
371 8484
17293 18715
7207 24029
11118 3597
29945 31064
26362 26849
3858 6130
7251 8708
9818 6444
29594 30429
555 15851
11536 23373
9147 31342
8244 9872
26920 837
3400 14466
9141 14198
8301 16959
1506 4372
5068 3106
26107 6558
2028 1751
18009 24663
11756 13218
25481 27292
1058 29960
14199 3261
13553 29189
8877 31741
11198 25347
17051 10462
22371 14146
1403 12095
13448 19070
30768 25652
19103 19164
9007 30673
21056 27546
22174 28629
19507 2014
6729 7944
12156 9912
11499 20184
3386 27947
15861 30000
24393 3244
11689 7638
29409 84
29240 4276
11715 17709
25966 21507
5803 17193
29950 17448
3741 18399
25382 8766
18572 8029
17653 926
16351 11546
1601 15168
5934 15249
27 5114
12238 466
19253 13118
636 12494
14930 30271
6136 19094
10419 16271
3716 31117
31805 26290
7564 18174
29273 17127
3566 28280
8430 16195
14502 31563
12190 19077
20888 3691
17680 12349
826 8091
1431 20431
9184 3326
15073 7858
21421 16858
13211 2446
21779 21728
5010 16003
6463 3651
29840 23110
23189 5667
4814 10847
23037 19420
19363 386
31416 31900
29305 3050
1312 22232
28683 30909
9396 14799
8001 19426
15328 1876
16858 16295
5797 19640
15526 19859
2184 20028
21177 24081
7915 28352
27764 22488
29717 25279
14457 24579
16822 8107
13214 23854
26572 2298
11826 27358
17654 26196
14564 8870
7904 3087
25156 18248
5828 27476
4115 25062
1118 21514
1094 12496
8540 2326
16967 5283
18931 3149
8422 13990
11271 16272
27117 12822
17859 1173
12797 24731
9142 28616
21829 19565
4328 31357
26150 27286
11789 25213
5504 134
9264 3965
7175 2441
30924 8471
7609 22161
29365 2512
23400 15341
704 19045
9983 9793
3942 963
22129 29222
28732 11713
2781 22865
21023 27336
1621 4611
6411 4775
9351 10743
30089 12760
31608 1617
22119 4052
21051 17129
8113 9360
1087 31845
2263 6117
18504 22911
5679 3505
25382 4841
2192 24009
3886 28537
14003 3521
1000 18225
12875 27851
6602 29781
18401 11998
23906 12438
27291 9230
8466 20399
25582 25480
23194 22880
28073 19799
26737 12173
14176 27766
20803 31993
11620 21943
31786 2615
18319 7479
25298 12452
12765 11022
11777 6696
24095 26832
878 13120
27459 254
11181 11971
1679 1667
18100 7856
23267 20210
21394 26005
19653 29011
28437 26825
3665 15946
11937 28694
2313 6299
19368 2094
11707 5032
17863 1164
25192 14882
23799 26152
15918 22120
24674 14951
27870 28643
28079 7212
9318 10967
9068 30773
1557 29959
16274 11320
6002 30853
15070 16302
6753 14140
3669 21043
26126 20371
4333 7645
26699 15826
6082 12971
6518 1356
25297 12698
24490 22641
776 18157
2662 6812
2322 23962
10012 17955
18031 26150
4708 10243
7150 28366
1369 2374
17262 16643
8040 10750
18327 19913
6981 2682
16389 11700
4927 22486
20533 24178
19702 6770
29947 24529
21282 2479
26549 1893
1029 12792
10692 10280
17365 5908
1824 1317
4389 28630
21597 17407
16454 18490
23459 572
30125 14753
25129 7859
9436 3767
23918 9412
11605 16080
18733 1074
14992 19703
27156 20917
31640 10739
26007 18420
25883 21903
4272 17796
24762 21667
2867 27644
11395 4322
12381 23590
7579 30128
23137 5202
13608 30864
29458 31525
26958 21913
22055 30318
11838 19496
20427 17161
18966 8361
26924 5494
14432 6827
5350 6140
21396 374
23643 21320
25642 16896
9868 12669
4012 672
15516 8435
25753 27838
30176 13620
25018 25328
23719 4309
25013 13649
17480 12351
3429 11751
20688 11954
17322 26044
23174 22453
13203 2419
28681 11256
3901 17961
27417 28494
12724 3447
28105 18963
10886 8129
28399 17191
1663 23914
19672 18672
27662 7489
6327 27227
7908 19278
30911 15994
15313 30800
25546 8775
24688 8333
2819 23910
31272 3566
12547 26234
7337 29097
3688 25203
18923 21022
7945 18143
31386 30430
963 5158
16748 11646
1240 21661
15251 23899
31601 25895
5354 15147
21223 306
29243 8793
10625 2756
23943 2046
21907 22097
4159 4546
16667 7480
11362 20510
21845 20656
6983 19201
20430 31262
23386 1235
30982 21226
7986 17206
3932 16899
24368 11024
21329 2522
9276 20052
27118 9254
29128 23696
17380 2509
24870 10789
11187 21685
20887 7625
28179 2619
30761 4274
18131 13426
1940 20976
18561 22387
4319 30227
8138 27123
24278 19804
29857 26529
456 8423
24018 10759
346 17586
6519 5849
29038 13734
7369 31283
29191 25248
7449 14786
23595 27577
3167 2200
26690 10142
13796 19
1999 13193
19821 16841
20686 25731
6983 6442
934 11210
24124 24971
21078 29334
9797 24943
14428 17681
1160 29592
22657 25502
21902 30968
29770 6388
21416 12686
3576 3381
12647 14037
18212 20276
20265 108
28068 18251
18108 7576
16493 29406
20844 20991
9817 8503
20935 28579
7054 28331
13074 8577
7175 29082
21677 1931
13456 26380
1418 2129
17713 28937
30407 22345
20201 31373
17490 15109
24448 4955
8044 20344
14520 17684
19641 11352
28813 29988
24927 11263
6187 25931
15023 14619
2282 23321
12228 5351
17182 22634
14210 15901
6501 10051
12210 28462
27887 20310
236 10651
20668 29136
21059 1756
2426 30300
27252 21521
30338 3478
19906 3072
17603 30041
30991 17264
6664 30188
24341 21865
24982 706
4161 16448
11422 17258
27089 28081
26033 2807
12330 15221
2925 3722
17373 5208
18575 9757
2455 905
7148 3504
10079 14135
8447 9136
27470 14805
9390 9551
29901 11612
20036 20257
18931 26975
30384 10755
23863 23424
23542 14570
8991 1946
8453 12621
27427 26683
13451 20033
5606 10577
28610 3027
31310 12982
19805 2585
13459 27800
31773 14789
15407 5491
23762 15605
22313 22711
7799 15706
13361 19338
14159 17890
27452 31235
14229 10510
12060 9080
6133 6100
31496 2261
6805 14379
21093 1216
17043 3838
15925 27728
1737 10268
14250 8343
28159 4831
5928 19620
14116 27532
25270 10970
12046 19306
15503 5098
463 19594
25200 27776
22402 6027
29495 11788
5562 31753
12650 16875
15687 13466
31306 21680
11560 2388
4350 15484
21963 30393
15389 28496
14540 15884
31620 2594
24914 6272
10800 5012
7724 4926
20608 19223
25262 2173
13614 6309
6487 268
10605 14908
19504 4885
13100 26462
23703 24021
18763 11338
30922 2469
18492 14659
12211 7421
29733 10033
10122 14164
594 11516
19951 836
8143 13493
1178 28792
12101 5366
2171 7329
16295 8217
15188 19795
18896 31181
15368 7920
29394 16316
602 11723
22901 9013
18926 450
24512 10768
3157 22889
2994 26500
18924 1559
7663 24548
12751 19432
7480 25479
15557 6286
17598 9314
28606 22873
29585 25362
18663 9608
11947 25442
4154 8023
8647 17460
25412 17830
26080 25973
8017 22878
18880 14947
9937 24286
18575 15913
6923 15647
20240 27867
6106 27100
21439 10930
29261 23336
7027 21426
2199 25996
10912 5400
17346 1831
22593 311
31334 5699
20831 11999
3221 13359
14662 22674
6426 7238
16134 28880
10203 5208
14077 27911
2614 19795
27613 20663
19380 25933
30958 7985
29716 31580
5847 17988
19925 21086
6522 15558
65 17053
22728 24976
20260 11718
25407 10038
6184 7948
3693 31065
29147 18551
21288 16032
16689 9548
4555 24420
13138 30961
26028 2384
15927 17070
20178 29477
9161 23781
12151 3700
19651 346
18752 6877
23833 7195
26380 30804
25239 9153
24078 4429
5836 29402
6839 24818
17500 31584
29826 25896
28757 13719
22205 18694
15894 3895
4362 24391
9172 3592
6348 22578
12915 11098
23371 17067
27320 22040
31126 2992
29501 19711
3992 5036
5116 20254
10787 22013
20747 9207
22685 23721
4597 15736
4334 25638
21815 28070
10368 9554
26912 21483
29907 11673
26066 5370
28679 12535
6078 21667
11931 23277
11561 28926
24232 27868
14941 21969
26149 799
17123 7253
19997 4503
2523 30619
8452 4231
12283 22263
14599 22295
30884 18721
25279 9720
12405 30377
22224 18513
17060 23712
21213 18277
17837 20079
26550 13740
19278 4673
19649 20720
251 31839
9187 5620
7722 26449
27319 12139
25265 10692
20223 23700
4430 1714
26798 28415
13454 7150
16092 7436
29983 3079
12628 13563
7776 11740
16666 23065
13062 13752
24815 3018
16257 16207
2799 21314
24290 11966
19054 11067
2261 8773
14676 30066
14342 26532
24802 24530
16932 5949
7136 26220
588 6461
14348 10252
30297 27919
4209 24821
6362 5177
18696 5974
24143 12621
2675 5686
15885 5866
16129 6532
19133 494
16724 17027
24587 16894
3175 31977
21954 28018
6685 1198
15637 25993
31595 24506
27528 4478
4792 6966
7260 15907
25751 28882
1587 22213
25780 16501
4405 6215
4090 531
5163 6392
4211 31363
9774 10913
31526 17870
4880 6441
17448 21337
19068 11414
12832 31049
28100 20654
31093 14018
1604 13159
27275 9338
27222 28813
23980 26435
5142 11745
4625 7336
22475 16331
3223 24849
11526 2892
11109 20269
20279 24480
13821 17223
11426 3356
24292 16918
18239 627
26884 28866
3010 21854
30267 8694
24144 9413
30067 26281
19263 2887
19768 19922
10885 24826
25249 5162
19558 23330
27334 25024
18161 9269
1621 24689
14013 30828
260 20525
27300 8208
16549 6884
1514 8603
16061 4656
28919 22017
3672 21203
5526 24441
21694 28273
7971 16364
21970 10909
16616 3132
27843 28913
24686 8040
23610 21457
18971 1778
26313 28240
31309 3218
4423 677
25781 23994
4017 2687
1718 24940
7467 30611
9738 18690
134 2644
27244 22737
1076 31674
12974 2345
19087 3243
25747 17507
9269 21879
11223 20960
643 13469
15805 27027
5741 986
31805 18722
17118 27268
19407 16884
25892 19557
4790 5595
8147 29758
912 20242
6523 13494
19699 4345
9282 3397
13871 5987
30224 6086
26239 18351
28856 12971
16722 28745
16585 19032
12595 19995
13391 28495
13903 30776
31039 17209
16379 16021
8631 4203
5224 9703
16904 29461
4119 23118
25817 27015
31627 10972
15400 29980
8336 5195
12003 0
30927 4209
31640 14184
15406 17158
31633 28817
8558 8625
26356 28756
17944 25789
2329 23360
9460 30809
22835 2576
29848 27008
1915 25267
31116 20566
20921 4970
20207 10288
20428 26342
12018 16169
8556 7148
2959 9319
10936 3490
18351 20426
11186 4717
11169 28437
348 30752
4707 20252
20581 22782
23083 31016
23145 14263
5919 2619
7192 31301
27404 15696
22068 30708
30044 31219
26529 27605
26794 15556
31973 121
25176 9953
21687 23798
1646 25664
11060 29219
24274 7355
15839 486
19545 29148
20890 711
4450 28382
10017 24267
29396 2964
24571 5593
12211 4950
23372 1742
29511 21604
24848 18191
9034 3040
31412 2529
14824 24128
12419 8407
16042 31555
3022 13341
20001 22265
1444 26682
12221 22354
21475 20231
5855 1050
6484 29330
30956 31867
18762 30060
11319 25629
28677 10647
21159 16122
524 21440
9962 26869
6207 26973
28593 13949
16962 26931
6076 31549
8374 20220
23714 12214
7481 28410
25406 19347
512 31286
24456 31
29779 22288
9061 2369
15998 22581
14391 21530
10442 11292
2655 23513
6071 17925
15160 14584
17533 22201
31055 12645
26496 1104
19507 21293
23470 13623
23452 100
4085 16963
16385 26886
10563 31943
18715 1272
1289 16723
17825 13555
7707 609
25742 7098
15997 23442
1398 30449
24892 8121
496 21709
24876 8413
5229 3929
2624 1555
13494 24927
6421 19762
8487 5517
14697 8615
5715 2648
20297 5725
14184 7463
16765 24200
8191 347
19697 18898
14637 18663
10937 7915
11330 31643
9474 23347
22314 20311
8216 1933
29734 842
22577 3844
27698 30485
20263 22058
23102 5932
26196 931
15599 13136
16827 6173
14454 19435
28900 18511
25458 8856
14345 10121
25233 31782
17635 27057
25347 16452
26055 4041
29199 30317
20054 30085
4107 17537
10847 7669
28726 16794
13175 31977
19870 19923
3506 30695
8172 4682
26191 21949
13910 14413
31195 1330
9464 26801
21620 1722
23736 28396
29708 19128
23865 3169
23559 15538
31928 3
25140 20539
6826 7975
23202 11772
25327 22572
17242 16514
31992 3793
13217 24666
1836 23872
9176 27991
20949 11951
21080 24118
10090 23085
15866 4022
3718 2220
21393 7161
4610 405
26222 3932
26176 31312
29338 597
15002 31487
11838 15144
16919 9081
10087 1043
218 3256
13090 26093
23629 12766
13732 15279
12748 5330
29056 6450
17560 18313
26920 1879
18192 4769
10996 939
10006 19424
8852 27879
22368 9477
8171 26125
23462 25148
24580 26402
20797 25250
8569 14458
23110 23412
27432 11079
23034 10450
12877 27657
16407 21709
12591 19598
1687 4203
25578 14023
16742 19867
7760 22790
29786 25042
28042 1302
27919 11864
22805 9180
22998 28633
12558 28815
30065 15995
15488 26287
27762 17079
1999 22125
24437 31889
17816 7741
4803 22852
1715 27846
18704 15775
12117 21471
19523 15503
25013 18759
19766 17287
19754 28917
25499 2415
19519 51
30588 10991
14081 13257
25268 3526
8916 31241
21749 11986
23242 992
30082 4657
26049 25225
29605 8189
13380 1301
24745 23635
31886 12866
12084 31470
15592 9146
1576 15914
4174 10237
19051 20163
6487 26360
5401 681
14291 8931
15856 6330
12080 17391
23126 27430
17278 15796
29073 4218
4770 15205
28326 19765
12681 11867
8667 3233
21564 27687
28330 11674
19092 16792
21854 16620
5572 9650
10873 6637
14775 24399
1628 4293
6187 5721
14473 927
27774 30164
22175 5624
2002 20384
11813 10996
13935 11258
28979 1575
28360 1140
16206 4269
20021 23647
3996 29629
15853 10073
18378 28412
30790 21145
6420 28187
15146 6513
1934 3517
1617 6516
16865 27206
27021 13714
25731 9832
7265 3004
9047 22548
28294 6119
19402 13552
15705 11717
16929 11325
30986 14034
28247 25956
12219 31771
12880 10856
31370 20368
4053 21885
15004 5042
19591 30279
18321 7441
14484 3624
1752 6333
28059 7662
25133 2234
10993 9392
26833 25256
16394 28580
22163 31833
14989 215
14882 19070
1504 27379
29636 12465
25387 2456
3543 15139
20077 14257
18410 28993
10082 15591
28119 29681
4179 27124
29335 17683
6451 28949
13130 12109
24141 6047
2193 30801
25408 25270
24841 30407
29760 12031
3281 21209
27989 17891
21453 29397
30580 11439
31430 12148
26638 24954
10560 15826
26300 17107
125 28682
17180 17846
24005 9385
19788 22934
23256 26645
28070 10985
25659 2251
7802 8030
8959 12556
19867 8191
26752 16852
10990 20090
26745 8211
31425 28997
9268 3271
15044 5408
326 30881
4820 13431
7719 14797
198 31036
9641 29034
5951 20638
15810 14567
12770 15113
30024 15094
14211 24643
24385 14857
31070 31040
3933 26687
9520 12360
22298 24235
30924 18171
29515 31350
13925 21542
15233 9361
26044 29779
19167 10232
31684 776
17184 11304
24603 5965
25808 18841
2026 27046
18702 29485
9740 25799
31409 12507
2357 12251
23203 30107
12416 26989
10305 31666
28541 9532
26168 15548
1892 7575
8142 5039
1962 22605
1821 19259
17565 27032
21276 9883
588 1739
29828 28456
2457 19503
30366 1128
14795 15167
19943 23954
13775 29728
3714 7131
3517 15839
17440 18797
8364 26599
19083 23908
1905 6056
4569 24605
31759 8621
6292 21094
30799 16784
22294 20014
24329 21675
31057 13472
22255 24548
5616 2677
8190 22353
23216 18704
28222 20251
27592 4003
18555 25827
19063 28281
12570 13745
13425 6798
18617 28874
15542 23674
8953 11976
16450 19419
16369 31062
29319 16476
16728 31976
8121 22943
26436 12280
13870 21485
29413 14196
1156 6658
6298 28100
3939 31996
5374 23516
15568 15787
4905 23113
16472 29358
14359 27396
9840 22030
10154 5490
18517 16694
22547 11403
17806 8311
27878 24130
19727 19792
26055 31419
14644 20747
8352 12685
17007 13306
2375 21227
23223 25427
11706 24088
7267 15397
29160 15296
7446 25978
30677 4113
29448 4762
28427 30033
26812 21593
23971 11195
11708 29249
701 23644
27099 5569
7339 7791
2072 3691
10896 12274
14300 21061
6040 26463
9159 30794
28403 13900
7003 31191
26553 31581
7536 10160
14143 11097
13355 5402
4784 15427
11647 13004
21686 2324
6080 26910
7990 26551
5057 31263
15736 15273
6689 30568
14541 9011
378 29173
1560 29800
16303 27482
805 9765
18081 18372
8534 29898
27675 20389
5242 22695
28731 18213
23259 1201
6542 4413
24657 19218
17911 23722
9266 3176
7491 26199
18967 2556
19151 10230
14877 5632
12972 25458
8233 26813
13515 7919
29317 3732
17563 12568
9530 31609
2400 9867
14976 18413
20810 18554
10551 3484
934 13947
27548 14608
27141 16427
31648 9473
5277 31367
21328 5073
19775 24954
22441 13101
14594 2653
6082 29700
28359 11907
20423 549
10582 24189
16323 25577
4634 2965
23483 30227
14896 4917
15601 24765
30611 30035
4440 24009
24048 27831
4532 6225
8586 6611
24461 1616
23496 866
13070 26768
28684 94
1199 10310
30475 15136
341 25411
29505 13381
22119 6100
28306 2498
28870 18635
4792 25145
16581 18807
620 12808
13021 13862
17902 737
11462 29336
19107 1841
18894 6785
1054 7250
10852 14041
30110 3593
28798 16551
21871 17977
25195 31685
10802 23645
15094 4338
24371 6124
3298 23739
27557 5759
3416 25086
13489 17430
10920 461
20297 3383
30276 13149
14444 31491
23957 12777
14560 3560
25411 19057
22807 20978
680 17119
1302 17011
15784 31626
4451 23296
20530 9680
11906 9004
10416 5450
2607 4359
24513 25691
8545 25433
3595 19130
11494 17221
26470 28395
14902 9787
11958 11815
11385 18944
10773 23692
17041 20290
22415 4302
7350 26063
8322 15949
14019 22553
14959 19426
18205 21230
23272 1664
9715 28450
19164 26499
25911 8077
3924 28665
24688 21077
23129 21358
8298 15054
21908 15809
21524 15272
27305 22429
4727 29459
26341 13543
26748 18645
19457 17038
30940 3723
17678 7537
18406 7112
2055 8074
4424 7567
20940 13539
6981 27595
23811 23460
22576 15620
27289 29442
28813 12921
19728 19505
10118 804
28380 13769
13116 30089
10689 7060
25759 26461
25051 7882
20443 22636
19174 26767
26642 29609
7852 11059
15351 27453
19512 24371
30588 16705
6949 23131
25797 6034
14652 7754
24511 6307
13886 1574
7560 6572
28508 2942
23563 12580
8921 14917
29890 25822
381 1568
26696 19546
22746 742
3269 4746
2193 25310
21942 21463
8714 16823
19494 17545
18163 15760
14510 26520
31736 5144
11019 20300
25195 30812
29936 23260
15076 28833
13947 24952
8124 10827
13807 19423
23969 14658
12612 24981
24377 28799
14083 13394
14502 25559
25843 1709
13598 19686
21056 13161
30271 918
29783 6102
13880 20114
13033 7645
10798 31160
29401 7024
22851 4077
12115 26896
6370 24905
10075 8199
31724 3493
4594 23032
31631 14964
1558 782
23341 9680
2473 3383
16873 10364
17934 31130
25330 16477
2587 5923
29812 20991
13290 24185
18342 13801
19953 11046
28271 22240
31984 23747
1435 16796
17428 22741
259 2951
24691 10642
17818 18961
8084 23921
16649 15057
26104 10650
19214 7516
14852 28987
11495 18541
4972 11515
12092 13171
31304 20071
18353 27950
1436 2393
17318 26357
8097 29023
6340 7813
21987 20769
6092 12378
24042 18438
23436 16154
16623 12928
4112 20531
14113 22700
23289 24547
5593 9865
21468 23975
12090 1044
23727 14865
25966 27915
26416 2683
19351 21644
23893 22852
19225 21734
2134 25139
27412 17125
23415 6378
29879 3337
9982 16483
13164 15358
15952 7731
22755 18483
17405 21895
20902 8011
4858 19204
22424 26626
31921 12246
22157 14371
7149 9090
16572 26266
10666 16019
7484 3732
12555 31307
18563 31287
13357 7039
22275 17985
25908 15150
20223 14053
21406 25882
4968 13290
14939 3470
7264 23237
9124 30344
30895 16323
15772 22350
21074 4115
3963 11846
1120 3372
1168 25462
19479 23081
19192 12723
17207 10023
16515 21130
510 9728
11401 15436
7221 1778
14104 15359
13810 5429
24995 20305
30772 8777
19335 10742
18021 762
22859 8649
29122 17842
24124 19420
20547 31439
2527 4405
22389 31621
5411 28100
28779 23460
12043 29942
13145 24135
17478 22023
30889 30067
16843 4121
3933 7352
26303 31284
18892 26122
364 15531
2061 23619
1377 116
27692 21307
20228 239
3657 3418
29193 12336
23555 25152
21566 22185
18797 15220
1677 15839
22739 21099
22268 13713
13502 4420
4883 9569
5686 10119
4638 29383
5261 14173
13063 4012
25132 13896
27362 22997
10138 23842
18777 14171
21862 6323
10791 10492
3412 18194
22249 4448
29990 28787
13216 13605
272 3432
7627 29263
14390 16347
1138 29468
11300 24840
5445 25902
26884 24138
28779 14758
29 5081
26272 5866
21616 15197
10693 7569
8259 21939
30762 12081
7584 28499
20781 4855
17160 6318
9258 21434
22253 9832
14168 20311
28559 28760
19472 8433
3500 17843
11485 27931
2030 20717
25133 21330
9447 30747
18717 10000
17764 15274
8279 10046
21673 24791
2419 21718
12768 4148
21561 23865
21645 27487
11637 7574
21977 20880
25447 4726
20176 21833
13719 16971
14901 31815
6445 28536
22423 25640
23399 2079
18136 13132
8277 21450
30352 19395
23536 17121
8174 26868
27387 15771
8706 17272
21670 2053
6461 14693
11987 3615
15298 17008
16573 10650
19010 10377
22024 8682
20334 3218
11752 5921
29583 31650
20821 5298
15052 16626
792 2597
22133 26498
25474 3019
23244 152
11408 27155
27396 4562
749 17307
15114 1586
9780 15683
21263 6466
55 14054
26075 13839
24567 1616
26359 14097
18120 7860
13888 1356
24259 15543
21219 27770
18538 31608
19009 18411
29815 21836
28922 23129
5484 10997
1829 11723
12436 5596
6977 23334
28097 31183
18270 22855
1533 3201
3318 19438
19750 14510
13115 10826
4673 26972
28423 14888
18000 31035
10133 13735
7868 7245
20109 21397
6607 429
23938 8233
23917 8743
11060 8531
27442 10989
1701 30770
23812 5910
4123 11097
24201 8067
8377 16936
6018 27697
5755 27005
21573 11329
18968 19204
25120 8224
10786 26579
14248 30073
28274 18440
7259 14934
6624 14824
1170 24836
2084 30468
25836 9476
902 10413
4390 18286
20859 4524
29926 23715
5952 13784
6246 31431
16599 1507
3917 6306
8987 18342
16905 5655
23709 13170
5880 8685
29795 18899
16966 17289
5720 8928
7571 23979
16201 15567
22329 1965
17049 5327
29359 29655
2640 488
10832 28093
8842 20110
30794 12219
16013 1942
31857 28184
7140 27890
24808 6374
6875 11896
23307 26697
3478 3838
14392 8120
24772 21181
7126 17459
20251 5592
18207 24725
7398 28422
6547 13972
26234 7118
11687 871
10435 25441
18470 11729
17323 25270
12516 22389
18473 22600
18696 21992
14077 9689
19684 26305
21485 6436
20993 5219
27960 28536
7047 30744
9598 10203
12049 5602
11627 15306
1760 10574
7992 3869
21896 8106
14416 20851
5531 28619
2057 11229
11428 19471
459 16788
30592 13111
25700 21064
6446 11229
14951 11823
8386 16965
28860 13904
11754 21563
12027 4691
3818 19042
2388 28387
20932 21277
18684 239
30925 19457
12796 13239
20428 15022
30678 27905
12537 11904
4202 5530
2665 29071
26691 25760
24256 24301
22509 1852
9789 20896
27522 1111
13056 2224
16358 5307
20479 21154
28965 4673
30315 6146
31832 1415
10395 19035
11470 23853
21285 2294
30212 23838
20830 18907
10689 7501
23788 9426
4596 15451
10119 7079
12149 19381
17472 11081
30897 26404
26030 21438
5140 17233
11911 6439
17108 20312
29223 11017
24893 29238
6388 6008
28361 16634
26170 12944
17587 7183
944 3824
122 6608
18122 16940
10345 29746
26100 5715
30834 9011
10904 30148
24818 31278
28877 24571
22688 3543
28880 20999
16533 13704
2858 22442
23158 12180
5776 25230
6619 28775
413 22464
10220 14254
9048 29298
28467 31563
3237 17795
11187 30040
2166 9075
4982 12211
14734 212
566 10275
9835 9644
31620 31184
12145 16126
20157 7190
25214 21584
31160 8798
8924 30340
21871 22220
1368 9165
4531 10711
17192 28283
18292 23673
2441 11123
17617 4390
5772 22788
23473 12998
18387 26302
13802 22565
9888 4713
16906 25123
15707 21643
7917 20679
3921 3500
1625 18670
21506 12324
19598 15946
31058 18903
30778 23865
10987 8529
661 30186
241 1094
8339 5621
19591 2821
11453 18437
15087 22470
10137 23548
28450 18172
21066 25663
25690 30798
27597 10623
10300 16388
21643 6571
31937 7414
19550 2130
7828 24165
1186 10265
13514 25100
15416 19934
21244 26419
19274 31541
4550 29828
24419 2693
975 2024
14075 8626
31794 31157
28762 17039
286 10272
28386 4005
3459 24757
25943 7131
8590 31735
5578 27005
14591 29712
25081 9519
27073 22135
10890 21866
6780 22106
22687 5779
17820 3502
6266 22655
7794 9529
16798 25286
11096 30105
9534 18474
19400 25459
19320 22870
26883 4188
14448 30853
25541 7078
5532 15139
777 31639
31106 2502
6713 21588
9477 2437
7943 31548
7925 9515
19372 22208
16512 25739
28705 11369
21529 23329
3868 19217
5613 5880
29870 15466
815 27442
6011 7616
9522 13984
29180 18457
14646 13211
16811 25744
29414 29535
2412 911
16895 20786
21983 2924
11275 14738
2295 16272
21489 25630
10036 11283
30843 2086
22419 30453
28200 24792
4510 21445
14080 9847
30582 24017
228 6462
14861 14792
25261 30925
19750 2643
582 11690
12412 15402
14185 8864
22266 1754
4276 8435
4789 11780
14937 22880
25337 2197
1691 21770
10075 8612
28948 28472
23357 30740
7465 10545
29509 21664
26763 6415
11080 25133
21703 16893
2793 10240
13338 7025
24157 6436
19859 22832
23820 15840
18817 12749
24336 4875
14222 5065
1781 16550
10510 27246
17798 10210
24763 25001
8035 23548
17796 16190
4994 1734
29247 25108
26560 17962
3191 31522
10679 26530
31344 4637
26128 22240
3995 20909
3781 11975
22980 16433
11476 23772
30602 31112
18413 31850
10095 3034
30261 25170
27 8404
14874 19695
14396 29431
3758 4953
3183 3767
2954 12558
16324 16216
7533 28899
13937 4971
30052 10956
30168 7076
23544 25224
7257 21927
18054 3320
23277 13539
12588 20001
21273 9190
22119 667
29460 19297
25966 8291
24910 24053
8332 30921
1601 19950
28497 7087
18363 25390
12887 26755
432 3358
9361 3885
4380 10519
288 9604
6712 19807
28450 16950
22316 16188
8571 26857
14133 30816
31547 584
25248 6179
23103 23275
31036 28613
18976 5492
10987 28725
28963 790
27283 3598
9222 12356
2543 17641
10072 6496
27927 12252
17220 22797
22527 21985
8047 9740
9669 2517
17462 9980
23593 25851
21344 25158
23563 16154
2426 1778
26077 3284
19474 30739
5719 13671
30478 26457
16687 6523
6910 5036
9471 12829
5778 24385
19196 8472
17522 29142
5977 1309
5290 8752
23478 8060
17407 14346
24753 27657
642 16509
3796 2358
7748 8856
25224 31599
1434 2864
31918 2941
30244 31929
1888 9378
3386 22892
23753 11389
22650 27077
4079 7645
31246 13257
22925 24254
14169 900
1849 20366
3266 19330
25792 30026
15412 16824
22544 19995
7404 28676
23053 26712
15297 9080
11692 13953
21289 20862
28557 2552
22133 11137
30460 15170
31048 10047
5980 19536
5890 3492
385 16579
3819 13537
25052 29352
7622 5301
9820 16681
21977 31845
26973 15354
13219 2998
23230 28330
7688 14031
7361 8546
11844 454
2325 16800
17074 29100
18839 28712
21828 8788
382 29332
12693 22519
2483 25709
7663 27313
20897 10055
27712 8119
20840 29899
6927 3793
30866 27545
10377 15310
29660 8983
8503 600
117 19933
516 18645
1777 27945
2946 15483
18174 9071
11854 30044
9879 3600
23146 6540
5527 31358
12926 29099
3656 27131
20964 25005
18318 31970
2611 25467
17118 6980
89 25064
31816 24730
6853 4594
12201 16024
25672 10362
6995 3465
13996 21773
31696 26237
28981 1855
31011 18509
13420 14062
15127 18638
5350 22843
19182 1977
28707 20064
25543 27563
2135 7349
4276 15020
9572 4038
8474 11328
6581 3261
18422 23475
2662 15315
31409 15186
30277 7703
21390 17504
1768 14232
18393 21161
6427 15689
5822 12090
2298 2067
2031 27710
3728 24709
31631 6504
15253 22418
23483 4392
13239 25799
31252 23535
27416 5985
9891 26726
20226 14835
26980 28075
425 6227
21779 22273
24461 10204
6436 5195
28899 6272
25112 5253
20230 24160
6920 18244
2121 7019
30551 25443
26235 17618
19300 2541
17187 4441
17235 14025
14529 23510
24825 195
25793 4366
15862 31397
21800 28642
31543 6664
30322 10999
6158 5315
4708 15793
26792 3764
25778 28462
17834 16263
13051 11977
10333 20139
20393 14332
9651 24197
5334 13505
6944 12864
5403 9663
15213 15575
17691 20095
6638 478
26373 15149
14441 10778
16029 10355
608 10843
10347 27012
14703 21597
12483 17790
18703 31517
2277 29948
21417 17947
18772 30423
31232 3377
830 28043
17194 14481
20083 27718
10372 13567
1958 28755
15728 14602
18184 4219
26567 26064
4341 23235
18779 6428
27360 15147
17898 669
30246 14512
10174 15506
31015 6189
13380 17039
2803 5009
8270 14146
11246 19775
13439 17241
15719 73
31315 26999
25013 17435
6573 28228
2245 11917
13240 23895
4709 13058
8137 20194
254 17923
10394 23108
13369 5337
4969 28295
3193 25302
26294 17727
17487 17774
13674 13301
11957 7479
14354 22162
24051 17967
30399 17407
8179 20713
1544 4692
5539 1091
17970 14856
6426 25277
14101 9704
8655 19535
9720 20310
20690 13682
6595 15740
31647 6023
11927 14195
5012 1579
21258 13480
28781 19776
476 15127
27394 5218
29552 10455
11165 21897
4216 5755
21301 1792
21823 10976
31287 18025
13424 26430
18704 17693
28288 1726
25235 4908
18953 10025
6343 29851
12215 3553
31932 26247
21562 15935
14034 10953
13056 9795
20083 22670
3246 22369
21008 15497
17264 3265
3837 7339
6412 9857
13501 23965
22640 390
18794 6311
17358 27165
421 19100
2193 15063
14741 10416
10150 30557
11214 25599
22709 29609
30063 19827
19067 18290
3231 3662
27440 28166
5671 22997
5886 18887
4441 29812
21900 15035
29369 7520
31956 27090
28376 20070
10142 25895
18395 18171
31901 9146
12577 5912
28497 22076
3689 14140
7945 29998
5922 8232
31932 8761
1266 25348
27592 28499
22190 19657
31868 6479
1448 6637
29362 14012
29332 10539
3304 2126
291 13159
29637 7401
27775 10207
14874 28921
10431 11800
9937 5165
20437 25859
30321 15231
5858 22594
20009 29746
21379 5562
27797 25843
31629 28991
16298 25738
10988 25652
27918 18225
19386 7964
15470 13830
30849 13207
12205 28689
25079 15965
9913 17416
9732 5376
24397 5197
13419 31128
29518 16517
4828 6129
11689 31452
3526 7970
13941 21364
21755 19061
31184 8300
20484 22396
15978 19514
21125 23322
26636 24850
29635 15011
51 11761
5122 5171
9347 19257
29825 26869
15192 17814
3 9596
26706 24247
21166 6837
14626 17285
13662 30065
5883 29827
11401 31366
22599 16081
14339 28514
13150 23882
19408 6929
14958 27414
16460 30040
27889 208
9977 14906
7392 11383
22944 15666
7286 18971
9375 22957
30544 20572
14479 9190
12180 5248
10421 2102
11492 1356
26427 2361
5876 12108
10022 14171
11453 3442
8780 4840
7352 27909
17837 9314
17826 26932
18030 5513
15140 25542
7193 10642
10497 19770
17386 1221
25892 26836
9728 5323
836 28541
31951 21931
25280 20815
15960 23257
18629 12301
1118 29928
6108 4155
5075 7390
1128 16580
668 28136
21312 10626
17670 26671
21244 31373
18836 22030
9671 13981
8500 15899
3768 11876
13356 25072
2512 4500
15697 2065
786 13260
16751 27711
5099 12005
13865 27102
6191 9405
29463 18329
12547 4205
4778 302
4948 1347
14751 21046
16584 6133
8070 17023
25158 25344
24261 13887
28562 16063
27426 1370
5281 30907
30669 22979
23689 6936
20400 7432
26678 5122
10961 17373
22380 8503
25622 16056
30146 5209
29530 16991
26 21707
29765 4064
22902 4077
18061 19642
17829 16932
25142 5743
3827 29383
2569 6239
29903 7355
13518 21284
30288 1611
24973 6886
15774 26848
5166 23476
12584 6049
21517 31554
21905 28297
20265 11454
2230 24149
4071 23559
26082 7683
610 6158
19523 26973
11042 20502
8493 2491
18977 14916
1391 7774
4152 29679
9899 18028
21313 25870
5392 21361
31648 26529
24931 668
19078 5960
2139 14314
27130 4694
18877 31619
2784 18547
17288 28843
1221 8542
15293 3983
25670 9333
5935 11219
29246 24068
4152 19108
16075 2989
20525 11167
12414 26553
6937 28818
3981 21169
6282 4065
11335 22200
8954 2581
29443 3183
26454 815
23289 13068
15432 25827
6557 30660
7589 23051
23719 15943
26272 24625
21235 24938
5108 25203
17739 811
9324 16132
4967 26172
20060 14751
16319 27428
6774 9864
31031 24830
30801 5913
6541 19183
2009 25349
21007 29049
22558 25900
3407 16488
15753 31270
14120 16346
10459 12804
5317 8251
7634 11491
31850 20478
18727 30119
16000 2597
26459 30354
21414 10420
8227 26946
1905 3007
13040 15823
31527 27545
28738 20054
27751 27034
13618 5694
27542 6735
11960 8411
20549 26720
4397 30478
5253 16061
11311 12350
22688 26162
2221 30621
24539 724
5596 10161
10444 5
1460 12977
1573 26170
17187 24469
8939 3971
3350 480
18204 28804
7249 1596
14638 27362
1063 15211
4921 3472
13806 18301
24763 9125
27446 6307
167 1481
14375 27826
16521 7190
25703 31252
28756 14791
7888 19944
22643 29244
30033 15271
573 11289
31633 11225
23473 5916
11176 30634
13181 8732
30556 20065
16691 7377
24170 28929
9146 22356
11297 20602
24698 3159
29858 12114
5972 25211
3011 16124
2270 9945
14865 27983
9034 2546
25552 5473
6411 10011
1938 13988
7533 1421
12560 12010
22160 2329
30722 22066
21498 31415
12038 2752
8417 8881
16252 14820
15678 10721
1018 8117
18262 13719
19624 22721
29012 12936
24093 8483
11342 29447
26132 9228
15512 17178
5304 622
25443 4109
26562 30691
6054 20161
11163 13256
9803 28883
31391 6218
22041 14982
9270 8624
2435 18508
6830 7601
22543 25877
3218 28817
12418 3528
6342 31809
1278 5561
15597 3578
18212 26021
24156 6416
7870 15342
18626 25597
4147 4402
13760 90
12752 6097
21245 27902
3050 29721
27323 19147
14636 4024
20888 13383
19582 2292
476 3080
8050 21296
31987 17002
19485 28882
124 29102
15575 10790
3993 10453
16686 25477
16937 29301
9896 28416
29189 2549
16092 404
6567 5082
24193 3628
1453 8458
25044 3420
6669 6511
18018 16166
17079 6238
7601 12718
15638 29148
24775 12510
6039 27092
20101 4647
23108 24001
17284 1469
23220 27836
12643 6778
3633 30632
7511 24504
23802 17172
10762 24812
5754 18358
29688 10378
18543 4070
13103 14603
23550 19639
27474 30021
22494 19318
25643 10287
7680 10109
12495 7261
3048 30447
4244 8690
27264 16778
23196 27681
10374 30364
1484 6646
5693 11411
9329 28529
98 30356
11297 9540
26617 21346
12790 14420
1991 23803
24489 5486
25288 28432
23859 1481
12807 3721
28244 14493
25483 11366
10659 20134
18037 23744
12011 13865
26515 17312
28386 16092
24660 30300
11297 22472
17814 10689
14666 13803
23886 12701
22787 17745
15989 27934
9088 10870
24511 26446
17053 28508
31987 26343
20197 18134
16924 31015
11447 15726
16859 4287
10602 13775
10483 30271
1018 7562
24704 11317
24393 662
26609 5545
20471 9633
9338 3256
25755 4339
14372 3273
15353 26052
4844 1088
6018 14847
17819 13398
29155 21902
7926 28599
27142 19130
11416 12346
16793 17311
20014 14626
31389 6641
1536 23670
29152 2232
30601 11728
197 28935
3543 2326
26330 14274
13293 11481
14791 16411
7108 7584
10618 14461
28384 25347
31600 27349
13251 16650
413 2465
4866 1819
24451 9089
5156 6009
29445 16033
21386 30177
11781 683
29312 18891
10364 29534
561 6182
16577 5204
31254 11269
11500 19115
30066 7119
15713 22697
25876 5923
7022 2376
15478 15304
23488 5708
21499 24012
22271 10727
23559 20076
29613 20326
28297 5097
11525 7714
17747 7175
16837 18886
21693 21837
8248 12547
28539 14272
16450 31630
4841 4268
12739 488
24791 30165
95 30832
11163 13871
9107 28366
2268 21314
574 11089
30238 19744
24615 23167
11409 25634
7054 26349
14842 10397
24731 22163
21107 11972
25243 7693
14217 10149
26168 14683
26858 24919
3195 2211
16838 8268
2715 12439
10875 25935
20551 31744
19758 10510
4791 24369
10640 23788
6232 23459
12131 20025
15160 30300
30446 2760
22868 16919
864 152
13107 26691
7962 27247
20619 26162
30016 17126
14870 2927
81 18899
9506 28254
6827 15094
19117 27500
18471 12828
27191 7446
28061 13655
10417 17971
7227 24898
586 31912
22374 31283
21871 914
29822 8846
15568 31719
770 2388
30953 15533
29252 26151
5433 8854
2885 18925
8559 5138
14106 18871
24203 18890
9932 11099
249 5629
11861 26015
22852 16090
11397 5711
25466 23429
9312 14230
14180 10179
3503 27841
25721 26313
16139 21203
14061 23556
12536 7987
12080 7862
15853 12220
19036 18242
18508 9903
28062 17979
16107 29095
9609 3685
2902 2031
18911 174
12666 9055
13442 14335
4738 30674
9324 5355
2646 2732
26393 9610
6719 5736
10932 1983
23685 11009
29644 9145
5117 15302
27053 3805
17564 28212
12605 14869
20066 11206
26210 11005
8344 24657
6489 13397
30674 30226
16291 18052
26425 15126
15652 2269
14790 5947
5143 27232
19129 24444
29460 8854
10087 21414
31284 23596
30014 8203
7914 15183
24640 4001
21078 23991
27838 26199
9910 1545
19772 19841
7802 17421
13054 18183
11150 20414
18051 20977
29565 26084
26323 13659
795 17722
28108 15448
4741 4096
23879 7388
9687 3178
27250 19496
11670 6971
23478 17600
29917 27269
8619 31656
23773 14569
2382 2585
31199 30477
1208 6788
8454 15796
18611 4874
24893 2544
15452 17950
22906 26713
19493 9594
16684 14937
2022 10849
8053 3847
16683 28641
18229 7521
8394 31265
18533 15574
903 28263
8849 19077
12666 10281
31851 22791
26004 18609
30460 1810
15729 12920
5330 9531
22056 11031
24477 31402
31633 29590
14100 9617
3877 21122
27816 30794
12968 13982
4950 4923
28820 5178
18739 6343
16765 14137
17089 30045
25573 19154
25460 643
18738 4953
21617 26160
27905 12618
17105 5338
30375 20571
20609 9532
1632 27072
6766 6740
2149 2277
20216 9646
11814 15938
14130 14442
18310 24863
23128 29224
1250 6678
16953 8207
30416 12339
18432 5040
7103 10247
12045 13016
7059 20441
22232 2775
15664 7263
7067 11850
12602 24726
16397 16119
25826 4346
27176 14671
30509 9054
7619 31998
19924 24409
13398 23466
7470 15666
14239 26500
10026 23508
6505 12494
949 14613
17674 3550
29621 30349
10303 14667
2092 4416
28023 19397
29505 31398
10273 18357
10326 22787
215 4089
10711 29154
30529 26488
12343 17952
17940 5936
22244 30807
28840 29340
2808 25453
20099 27657
31642 442
28746 18894
6156 5505
3665 31426
12367 707
28805 26189
23242 8996
8039 28450
31560 14563
12349 21883
16860 4566
11251 6209
23751 15085
681 12541
31056 19362
22864 5947
29115 3478
11344 10367
20670 12516
27765 17515
2522 25747
8493 11967
2449 5161
30621 21556
2632 15794
3765 27399
4467 20566
22557 27515
3818 19023
25384 11507
1591 28376
2885 7760
30502 20294
8127 20662
2475 29009
28593 7594
14552 8987
24445 22414
25465 23009
15179 13852
15274 5586
23355 10711
7929 10065
18006 15129
22826 28880
217 19383
10015 31326
21505 13950
17504 3657
18707 8412
4121 20317
18451 29813
23242 22176
9796 17654
6132 16900
25073 2321
24831 25704
3637 24747
10535 26081
11565 20844
6529 6362
27721 21087
31287 3785
25190 245
6259 15731
5236 10231
20584 26772
28363 4363
14112 5206
9308 20048
28071 3380
29759 9976
17843 11016
19078 24579
30010 13276
20823 17005
26662 22108
23757 3198
8752 17253
15798 25138
21185 3937
24669 20115
16068 5393
26995 22879
24916 21147
18145 15206
20215 22686
10756 7600
1313 3022
16479 5200
1997 27827
28662 25992
4949 18127
31587 15871
30152 31690
4837 23010
11503 23162
12755 14332
3121 18918
27188 23871
21624 30685
952 24604
8974 13592
17516 6702
18750 25634
8690 1149
30329 5044
30789 13098
2135 23171
11390 18524
6295 20830
25505 21108
1501 30501
18991 21633
11116 18036
16978 3347
29154 10905
26833 20826
13977 4182
2264 700
14699 26965
31237 26713
6388 30047
7845 9191
25244 19236
19181 29158
22379 17107
15700 24504
22422 10307
876 26230
2586 15167
192 1392
17971 8298
20969 14094
27522 20115
28403 8306
13129 31688
26824 5834
102 30812
12683 4950
22937 1526
8113 10948
19369 10477
19607 8784
6517 18064
1998 30630
3371 18776
18501 25538
3951 23147
26743 26776
12657 13343
5557 13635
17903 2054
10952 24033
8512 12624
29157 10044
25612 20991
24860 20690
895 16513
15411 25250
3345 23467
27505 23982
7570 31833
28105 949
8482 7863
3057 12379
2445 31639
5585 18685
8019 14536
16162 12249
30386 23629
1686 13704
10142 26719
14183 4844
19544 28459
21993 24583
5765 23342
27858 23960
12049 6126
5270 10639
18920 92
25414 26480
26018 27155
18755 18051
26444 8641
21853 7744
18616 27498
13070 22197
4001 8426
27649 26205
27319 9599
15152 24284
17396 13244
22142 30669
4826 2400
13007 22514
11046 10275
8512 17200
29668 17359
6932 20096
30217 23707
934 23318
16731 6413
19551 8103
819 7542
29322 20948
9956 13310
3778 27533
1975 24672
21843 1013
13661 30436
611 23442
1848 11425
25101 4843
4328 17561
15283 31254
5791 7263
14780 22365
17564 5227
2289 16489
18409 7855
28223 11900
11972 23177
1066 14131
12910 22826
25784 29523
12474 19403
6898 4743
31743 17157
12016 76
31101 10451
10807 22621
24287 16094
23246 31056
16627 12745
4386 2791
3776 22133
23675 25044
26452 17589
10700 15823
25356 21558
17076 25283
28325 916
24019 2241
877 15709
23687 5900
27842 22664
6866 21649
25246 17609
29370 12783
24625 16360
25540 26222
14041 26399
22034 6551
29804 28560
17487 18342
20198 12073
21557 28096
6477 15717
19343 17999
1368 5677
6400 16626
20886 11393
7236 17146
27676 1984
29541 16908
8978 24023
7847 16274
2440 15485
12790 28404
19600 2314
18301 5786
29000 30091
19998 11464
503 16027
11232 12698
27790 12645
5685 116
8953 16081
17133 24058
16636 4814
2191 20404
12894 11641
12453 2979
23815 25893
14397 26167
15170 1050
28518 3030
9095 16883
17039 23428
21444 27332
17243 3683
17824 23374
26470 11781
7567 27899
3415 27831
26543 26271
23802 7243
17899 26941
17017 26951
15891 18759
27297 515
17646 21020
4719 6159
28223 2451
22349 23102
14387 1158
13168 16781
18612 804
20837 14292
15541 20464
26338 28905
19478 18752
22090 27371
13630 8719
25439 31866
1733 24958
22957 12742
1275 18780
20604 23372
16077 6185
16470 17014
2631 23588
9946 15268
9839 31587
25107 21877
13176 1271
10669 89
16424 5969
17212 842
26232 18942
29576 13299
27399 6200
3467 11223
12303 51
24603 25369
27248 28196
12900 31862
24409 22533
30279 30049
4443 15329
22768 12283
13383 21531
841 11348
15210 9856
26787 23135
16754 28738
583 17513
8494 3804
15178 19051
24108 24602
12904 1508
14836 16300
1436 22742
11314 9620
27241 12809
23836 31277
10077 20269
1072 5179
22300 14929
18664 9452
9982 24577
30196 2126
7467 5017
2079 7813
14876 20301
2555 24606
28801 23934
9262 10468
12856 11040
24463 30360
24493 21225
4269 31405
15286 23411
18804 21931
30976 6705
7158 19243
11741 15106
29869 14442
31891 27793
28141 18841
14338 18879
31155 589
10177 8106
30057 30152
3051 25956
3119 3333
21311 30805
30804 31875
715 21903
29943 15121
26244 14382
22455 20376
6410 9319
21018 13570
3990 22231
6800 16750
3571 29295
17614 4759
17967 4714
2171 18137
21510 16046
13796 10406
9510 23928
12176 25380
26793 31217
29678 11524
13099 26322
6821 5130
26789 14657
21917 16375
28480 14065
22859 10732
7329 30487
4307 31840
7310 6335
9868 2126
16981 23398
15540 10228
29190 3932
20665 29546
7335 29005
24299 23032
1154 16927
24694 3469
16780 22422
20500 25802
1868 14450
20659 19361
139 22470
28803 3955
9193 10125
30996 16965
27853 19290
23381 30058
3535 22110
30019 7095
126 13369
10377 13203
24761 11418
22119 8051
244 20903
15662 10073
28466 18895
10841 29163
30567 24040
30832 26970
22980 9713
14137 27754
9629 10320
15045 6448
12123 15691
3997 22338
26802 30412
12989 15700
5488 21006
14100 21584
26752 22524
13455 16460
15921 21843
26058 19711
15149 24658
9225 17512
19135 31527
18565 12036
23617 11792
7600 19607
24314 10620
4982 16957
19918 28081
27148 14574
19975 18928
5435 5749
20833 14696
23006 24335
4080 29400
29340 9698
23160 2598
12551 28428
5979 8417
294 29001
2344 18363
12901 15603
14039 25960
8897 31336
25588 23475
2034 20203
2825 22476
2642 23758
8554 5134
29189 28557
5845 23153
15423 25287
1498 2288
20804 25131
4146 6851
28922 6001
1405 14889
26925 3298
12869 29246
26588 19921
20873 31715
22341 46
9889 19745
15189 19165
9557 13163
13819 15573
30224 16831
20576 17026
3132 11526
4287 8944
16808 3516
30176 17019
16894 10948
7364 22676
924 3627
3215 11634
21194 10678
27316 13780
9290 20463
30236 25240
25820 15771
6622 18064
14772 25878
8369 2741
6944 22101
19068 13921
28879 2777
17525 7455
9238 30460
5816 31179
26520 11860
2290 9580
13787 25993
6813 31851
27980 2386
18092 23360
19830 2713
24563 17687
15261 29883
19332 12352
758 6098
12950 5411
26909 20311
31776 833
14799 30095
19390 13257
2967 15686
5968 25685
10870 13727
11032 30943
15372 25820
29344 2792
18723 27997
10862 12717
23565 2276
27575 18019
19571 4773
24180 19221
7904 21169
7276 20819
30062 9407
26367 14122
15174 13639
23551 8320
30315 31396
5050 9469
10022 25366
6615 11685
23264 21837
17482 7286
16292 26619
24473 27944
11267 15145
22044 26269
11442 10249
18678 30475
17380 29523
12750 27698
17454 29392
12776 28301
18559 9684
11696 10365
4116 8854
3101 20532
26824 8605
2095 23409
24819 5778
19455 24303
15260 13442
26837 9172
30781 14688
10281 27683
11056 16966
4346 28177
30320 24756
7990 31454
5218 5711
29258 31258
19258 27462
31429 23514
8807 19828
8139 8736
12046 19288
13327 24383
18660 14373
7507 24021
1959 27117
16310 5114
5977 4017
20324 20062
14178 22520
16933 15660
28048 6897
11384 954
17980 30303
11404 25699
30065 2173
31927 24134
11303 3005
10452 22001
20070 24312
8162 31990
22858 25383
10807 16614
644 7170
22803 27308
3729 6984
29914 20056
11428 25926
224 31351
9253 25933
1107 18884
25768 17974
23754 15166
11515 20082
3442 9502
2809 1376
22362 20869
19906 18965
15287 7027
14250 3704
19981 22880
21855 26475
19723 12821
381 16661
12190 19531
1970 22218
9656 6915
5860 23321
5523 25765
30517 22836
14495 5872
31952 7356
25655 5744
24509 24643
2526 23329
31684 2657
31618 16105
9508 20762
830 15582
450 17965
27009 6090
28484 18036
1784 12193
28953 7266
12229 3019
11776 16886
14729 666
1283 29278
4535 2742
13786 18261
3967 7721
8524 2274
31658 26602
12350 30413
20468 19661
9882 2368
15443 31175
20739 11940
17372 8859
2224 6940
3675 21590
2683 6163
18468 21215
16531 15687
13758 7744
2927 24980
23664 3231
7733 12691
2295 23364
24780 27000
12589 11976
17996 16500
14337 21019
4354 24363
16034 31156
9804 9151
25435 519
9857 26403
19890 18027
7220 14631
14592 21618
16757 28002
21908 8305
14923 385
25730 23214
14764 7339
15323 13220
364 30405
23469 14488
19416 5168
17883 8112
17137 13311
6658 6044
15911 5086
22650 16933
24302 1211
27885 6218
4451 7995
12687 13584
31704 12201
5602 24144
20262 1693
18360 20261
22351 22160
25407 6023
1876 27617
31894 20860
31402 28020
8624 29209
27552 23189
22110 2461
25796 15455
24973 29144
5206 6185
4297 6633
17199 15687
14703 19866
31099 2496
21152 12726
11555 9614
1164 26666
3785 12597
13618 13603
11311 5114
14604 14292
22554 9928
14547 6659
31169 13293
30761 24243
